2 0.3882222222222223 0.2485 0.10622222222222227 0.2485 0.10622222222222229 0.398 0.3882222222222223 0.398
2 0.35466666666666674 0.41525 0.12844444444444456 0.41525 0.12844444444444456 0.538875 0.35466666666666674 0.538875
0 0.6486666666666666 0.25262500000000004 0.3860000000000001 0.252625 0.3860000000000001 0.39675 0.6486666666666666 0.39675
0 0.9135555555555556 0.09662500000000006 0.6515555555555556 0.09662500000000006 0.6515555555555556 0.24712500000000007 0.9135555555555556 0.24712500000000007
0 0.6462222222222223 0.09362500000000004 0.38333333333333336 0.09362500000000003 0.38333333333333336 0.24862500000000004 0.6462222222222223 0.24862500000000007
0 0.9057777777777778 0.25137500000000007 0.6482222222222223 0.25137500000000007 0.6482222222222223 0.39412500000000006 0.9057777777777778 0.3941250000000001
0 0.38577777777777783 0.09075000000000001 0.10644444444444447 0.09075 0.10644444444444448 0.246125 0.3857777777777779 0.246125
0 0.6460000000000001 0.40675 0.38266666666666677 0.40675 0.38266666666666677 0.5425 0.6460000000000002 0.5425
2 0.9077777777777779 0.41375000000000006 0.6991111111111111 0.41375 0.6991111111111112 0.5305 0.907777777777778 0.5305
2 0.6328888888888891 0.57675 0.42022222222222233 0.57675 0.42022222222222233 0.69275 0.6328888888888891 0.69275
2 0.35688888888888903 0.582375 0.14133333333333348 0.582375 0.14133333333333348 0.697875 0.3568888888888891 0.697875
2 0.9084444444444446 0.569375 0.6931111111111113 0.569375 0.6931111111111113 0.692375 0.9084444444444446 0.692375
2 0.9106666666666666 0.72275 0.6995555555555557 0.72275 0.6995555555555557 0.8455 0.9106666666666666 0.8455
2 0.6400000000000002 0.727 0.42155555555555574 0.727 0.42155555555555574 0.853125 0.6400000000000002 0.853125
2 0.36355555555555574 0.731375 0.13688888888888903 0.731375 0.13688888888888906 0.8605 0.36355555555555574 0.8605