0 0.29765625 0.57109375 0.03359375 0.02890625
0 0.18828125 0.384375 0.0328125 0.04453125
0 0.19375 0.6734375 0.0265625 0.05703125
0 0.11171875 0.7671875 0.0234375 0.05703125
0 0.2171875 0.171875 0.0234375 0.06015625
0 0.32890625 0.12265625 0.034375 0.0359375
0 0.2375 0.7421875 0.01484375 0.06484375
0 0.43984375 0.30078125 0.03359375 0.0265625
0 0.60390625 0.38125 0.0390625 0.034375
0 0.28671875 0.84375 0.0328125 0.025
0 0.7953125 0.39375 0.04296875 0.0421875
0 0.1765625 0.803125 0.03125 0.04765625
0 0.12890625 0.63828125 0.03125 0.0453125
0 0.5921875 0.58671875 0.0390625 0.03125
0 0.65859375 0.49453125 0.01796875 0.06875
0 0.3390625 0.74140625 0.01640625 0.065625
0 0.28828125 0.3 0.03203125 0.03515625
0 0.29375 0.37890625 0.0375 0.02734375
0 0.46484375 0.66484375 0.0375 0.046875
0 0.41171875 0.84453125 0.034375 0.04765625
0 0.13359375 0.540625 0.02890625 0.04609375
0 0.1578125 0.12734375 0.03359375 0.040625
0 0.390625 0.70546875 0.02421875 0.0640625
0 0.85078125 0.190625 0.01796875 0.0703125
0 0.1890625 0.28984375 0.0328125 0.04296875
0 0.8171875 0.8921875 0.03984375 0.06171875
0 0.346875 0.47109375 0.01640625 0.06171875
0 0.78359375 0.3015625 0.04453125 0.0359375
0 0.396875 0.4421875 0.02265625 0.0625
0 0.50390625 0.22421875 0.01796875 0.0671875
0 0.48671875 0.80546875 0.028125 0.07109375
0 0.42421875 0.56796875 0.03359375 0.0375
0 0.353125 0.24921875 0.01953125 0.0609375
0 0.4640625 0.38515625 0.03671875 0.03828125
0 0.74765625 0.5953125 0.03984375 0.03984375
0 0.72109375 0.8671875 0.0359375 0.06796875
0 0.13046875 0.24609375 0.01875 0.05625
0 0.7125 0.46015625 0.0265625 0.07421875
0 0.82109375 0.73125 0.0375 0.0671875
0 0.72578125 0.71484375 0.03828125 0.0640625
0 0.78359375 0.08984375 0.0421875 0.034375
0 0.56796875 0.13359375 0.034375 0.06640625
0 0.26328125 0.18046875 0.0203125 0.05859375
0 0.72109375 0.20078125 0.01953125 0.07578125
0 0.49609375 0.50859375 0.0234375 0.0671875
0 0.653125 0.26328125 0.03515625 0.0703125
0 0.46640625 0.10625 0.03359375 0.03046875
0 0.653125 0.7390625 0.03203125 0.075
0 0.5421875 0.47578125 0.0140625 0.06171875
0 0.83671875 0.53515625 0.025 0.0734375
0 0.4015625 0.18828125 0.01640625 0.0625
0 0.64921875 0.11796875 0.03671875 0.06015625
0 0.121875 0.41171875 0.02578125 0.0578125
0 0.56953125 0.278125 0.0359375 0.0578125
0 0.57578125 0.6734375 0.040625 0.0515625
0 0.54140625 0.80625 0.028125 0.07734375
0 0.61640625 0.8765625 0.04375 0.05546875
0 0.20078125 0.5109375 0.02265625 0.06171875
0 0.29140625 0.64609375 0.03515625 0.02578125
0 0.6203125 0.3171875 0.01875 0.02265625
0 0.2453125 0.4890625 0.01328125 0.03515625