0 0.48359375 0.62734375 0.04375 0.05234375
0 0.00625 0.0078125 0.01171875 0.015625
0 0.203125 0.34453125 0.03359375 0.0453125
0 0.1421875 0.5 0.03046875 0.04921875
0 0.35234375 0.0921875 0.03359375 0.0359375
0 0.3671875 0.4328125 0.015625 0.059375
0 0.3046875 0.6078125 0.034375 0.02421875
0 0.11328125 0.73203125 0.02421875 0.0609375
0 0.31484375 0.3421875 0.0328125 0.025
0 0.56171875 0.76953125 0.03046875 0.07890625
0 0.1765625 0.0890625 0.0328125 0.0390625
0 0.35703125 0.70859375 0.01484375 0.06640625
0 0.23828125 0.1375 0.0234375 0.06015625
0 0.73828125 0.17890625 0.0171875 0.065625
0 0.2625 0.440625 0.015625 0.0609375
0 0.4859375 0.3515625 0.03671875 0.03984375
0 0.8109375 0.36640625 0.04296875 0.03984375
0 0.5265625 0.19765625 0.01953125 0.065625
0 0.30859375 0.26484375 0.03125 0.034375
0 0.2484375 0.7046875 0.0140625 0.06328125
0 0.6671875 0.09921875 0.03515625 0.05703125
0 0.2125 0.47265625 0.025 0.0578125
0 0.76796875 0.56015625 0.04140625 0.0421875
0 0.67421875 0.23671875 0.03203125 0.06484375
0 0.13359375 0.37109375 0.0265625 0.0546875
0 0.50546875 0.771875 0.03125 0.071875
0 0.20390625 0.6359375 0.02734375 0.059375
0 0.4625 0.2671875 0.034375 0.03125
0 0.18046875 0.7703125 0.03359375 0.0515625
0 0.42421875 0.15703125 0.01875 0.06171875
0 0.625 0.35 0.0390625 0.02890625
0 0.51484375 0.4796875 0.021875 0.06171875
0 0.28515625 0.14765625 0.02265625 0.05859375
0 0.86328125 0.17265625 0.01796875 0.065625
0 0.80078125 0.27734375 0.04296875 0.03515625
0 0.415625 0.40625 0.0234375 0.06015625
0 0.40859375 0.6671875 0.02734375 0.0640625
0 0.2984375 0.80859375 0.03359375 0.025
0 0.3765625 0.2140625 0.01953125 0.0609375
0 0.44375 0.53125 0.034375 0.0390625
0 0.20625 0.2484375 0.0328125 0.04375
0 0.5984375 0.63515625 0.0421875 0.0484375
0 0.67265625 0.69765625 0.02890625 0.07109375
0 0.853125 0.50078125 0.025 0.06796875
0 0.67890625 0.4609375 0.01484375 0.06875
0 0.56484375 0.43984375 0.0171875 0.06796875
0 0.7421875 0.83203125 0.03671875 0.06796875
0 0.1453125 0.20390625 0.01875 0.05234375
0 0.4296875 0.8078125 0.03828125 0.05546875
0 0.63828125 0.84140625 0.0421875 0.053125
0 0.73203125 0.428125 0.0234375 0.06953125
0 0.83671875 0.85390625 0.03984375 0.0609375
0 0.31484375 0.53203125 0.0328125 0.02734375
0 0.79765625 0.0765625 0.0390625 0.0296875
0 0.840625 0.69609375 0.0375 0.0625
0 0.48828125 0.0828125 0.03359375 0.03046875
0 0.61328125 0.5484375 0.0390625 0.028125
0 0.746875 0.678125 0.03359375 0.06015625
0 0.590625 0.246875 0.03515625 0.05625
0 0.13671875 0.6 0.03515625 0.04609375
0 0.57890625 0.13203125 0.01484375 0.0265625