1 0.17890625 0.09921875 0.05234375 0.02421875
1 0.1703125 0.17421875 0.0515625 0.02421875
1 0.3140625 0.178125 0.04921875 0.03515625
1 0.31875 0.10078125 0.05859375 0.0328125
1 0.4796875 0.0890625 0.0578125 0.021875
1 0.6125 0.11015625 0.04765625 0.0375
1 0.43515625 0.1609375 0.046875 0.03125
1 0.56875 0.18359375 0.05859375 0.03125
1 0.84296875 0.0875 0.0609375 0.0234375
1 0.7109375 0.115625 0.0359375 0.03203125
1 0.7625 0.18671875 0.06484375 0.01875
1 0.89921875 0.15703125 0.03828125 0.0390625
1 0.9015625 0.25703125 0.05390625 0.0328125
1 0.73359375 0.32109375 0.05703125 0.03125
1 0.878125 0.33515625 0.06171875 0.03203125
1 0.75859375 0.24296875 0.0625 0.028125
1 0.9078125 0.425 0.04921875 0.03828125
1 0.85234375 0.50078125 0.07109375 0.02890625
1 0.715625 0.4671875 0.04609375 0.03515625
1 0.77421875 0.39296875 0.06328125 0.02265625
1 0.51640625 0.38984375 0.06796875 0.01875
1 0.42265625 0.4484375 0.0296875 0.03828125
1 0.52734375 0.50234375 0.065625 0.01796875
1 0.625 0.44296875 0.028125 0.0375
1 0.31875 0.41484375 0.05703125 0.03203125
1 0.17421875 0.4046875 0.0625 0.03046875
1 0.15 0.484375 0.05703125 0.03203125
1 0.29609375 0.49609375 0.05546875 0.03203125
1 0.58203125 0.2390625 0.0640625 0.025
1 0.6203125 0.315625 0.04375 0.0390625
1 0.48359375 0.3390625 0.07265625 0.025
1 0.44296875 0.2609375 0.053125 0.034375
1 0.32421875 0.253125 0.0625 0.03359375
1 0.18125 0.25 0.05859375 0.028125
1 0.1734375 0.32890625 0.0578125 0.028125
1 0.31796875 0.33359375 0.05546875 0.034375
1 0.9125 0.58203125 0.053125 0.034375
1 0.7640625 0.559375 0.065625 0.03046875
1 0.72734375 0.6421875 0.05546875 0.03828125
1 0.87890625 0.66484375 0.06796875 0.03203125
1 0.62421875 0.61015625 0.025 0.0390625
1 0.51953125 0.66953125 0.07265625 0.01484375
1 0.41640625 0.6078125 0.03046875 0.040625
1 0.52109375 0.54921875 0.06953125 0.01796875
1 0.3140625 0.5828125 0.05625 0.03515625
1 0.16953125 0.5640625 0.06875 0.03046875
1 0.1296875 0.646875 0.04921875 0.0359375
1 0.27734375 0.6671875 0.0578125 0.03203125
1 0.2421875 0.72890625 0.07421875 0.01953125
1 0.09765625 0.7703125 0.04296875 0.04296875
1 0.165625 0.853125 0.071875 0.0234375
1 0.30859375 0.81328125 0.03515625 0.03828125
1 0.528125 0.71953125 0.07421875 0.0171875
1 0.41484375 0.778125 0.0296875 0.04375
1 0.62734375 0.7890625 0.03125 0.04375
1 0.5109375 0.85078125 0.07734375 0.01953125
1 0.7671875 0.73359375 0.0671875 0.03359375
1 0.7359375 0.8234375 0.0578125 0.04140625
1 0.921875 0.75625 0.05703125 0.03671875
1 0.890625 0.8453125 0.06484375 0.0328125