1 0.271875 0.09296875 0.0640625 0.03671875
1 0.1140625 0.09140625 0.06171875 0.028125
1 0.10859375 0.1796875 0.0609375 0.03046875
1 0.26796875 0.1796875 0.05703125 0.03984375
1 0.4546875 0.07734375 0.0671875 0.028125
1 0.40234375 0.159375 0.04921875 0.03671875
1 0.603125 0.103125 0.053125 0.04140625
1 0.55390625 0.18671875 0.06328125 0.0328125
1 0.86328125 0.0765625 0.0640625 0.02734375
1 0.715625 0.1078125 0.03828125 0.03515625
1 0.921875 0.15546875 0.04765625 0.040625
1 0.771875 0.18828125 0.071875 0.0203125
1 0.11953125 0.2625 0.0609375 0.0328125
1 0.2828125 0.26875 0.06484375 0.03828125
1 0.27578125 0.3578125 0.05546875 0.0390625
1 0.11328125 0.353125 0.059375 0.040625
1 0.45859375 0.36171875 0.07109375 0.02890625
1 0.41796875 0.27421875 0.0578125 0.03984375
1 0.57109375 0.253125 0.0703125 0.0328125
1 0.6125 0.3390625 0.0625 0.04375
1 0.76796875 0.25390625 0.065625 0.03671875
1 0.92734375 0.27109375 0.0609375 0.04375
1 0.8984375 0.3578125 0.07578125 0.03671875
1 0.1203125 0.4375 0.0625 0.0359375
1 0.09375 0.52578125 0.0625 0.0375
1 0.28125 0.4515625 0.06484375 0.0375
1 0.25703125 0.5390625 0.06796875 0.03671875
1 0.50078125 0.41953125 0.0703125 0.01953125
1 0.39609375 0.48515625 0.03828125 0.04296875
1 0.61796875 0.48046875 0.0375 0.04375
1 0.5109375 0.54609375 0.08046875 0.0203125
1 0.7828125 0.4234375 0.07265625 0.02890625
1 0.9328125 0.4609375 0.05078125 0.0421875
1 0.86796875 0.54375 0.07734375 0.02734375
1 0.7171875 0.50546875 0.0625 0.04296875
1 0.11953125 0.6140625 0.07421875 0.03828125
1 0.5125 0.59765625 0.08828125 0.02265625
1 0.078125 0.70625 0.05859375 0.03984375
1 0.24140625 0.728125 0.0671875 0.034375
1 0.5015625 0.72890625 0.07890625 0.0234375
1 0.39140625 0.659375 0.0375 0.04921875
1 0.61796875 0.66640625 0.03515625 0.04453125
1 0.28203125 0.63671875 0.06171875 0.0390625
1 0.7765625 0.60546875 0.08125 0.03671875
1 0.93203125 0.634375 0.06171875 0.04140625
1 0.73359375 0.6953125 0.065625 0.04140625
1 0.8921875 0.72265625 0.07421875 0.0328125
1 0.20625 0.796875 0.07734375 0.02421875
1 0.27890625 0.88515625 0.03203125 0.04453125
1 0.12265625 0.92890625 0.0671875 0.0234375
1 0.38984375 0.84765625 0.040625 0.0515625
1 0.51796875 0.78515625 0.0765625 0.0234375
1 0.62578125 0.8578125 0.03203125 0.04296875
1 0.49921875 0.92265625 0.08359375 0.025
1 0.77890625 0.79375 0.0703125 0.04453125
1 0.9421875 0.82265625 0.059375 0.04375
1 0.903125 0.915625 0.075 0.03984375
1 0.73671875 0.89140625 0.0546875 0.04453125