0 0.12734375 0.171875 0.0390625 0.05703125
0 0.10625 0.3 0.02578125 0.06875
0 0.17421875 0.3453125 0.03359375 0.04921875
0 0.1953125 0.21640625 0.03671875 0.0671875
0 0.24765625 0.225 0.0265625 0.071875
0 0.315625 0.1578125 0.0421875 0.040625
0 0.284375 0.35078125 0.040625 0.0421875
0 0.35234375 0.28984375 0.02421875 0.07734375
0 0.17578125 0.4453125 0.03984375 0.04609375
0 0.10703125 0.48046875 0.02734375 0.06875
0 0.128125 0.61328125 0.0375 0.0515625
0 0.1984375 0.57734375 0.02578125 0.06640625
0 0.246875 0.54140625 0.021875 0.07578125
0 0.29375 0.43515625 0.0421875 0.03671875
0 0.3515625 0.521875 0.02421875 0.0765625
0 0.30625 0.628125 0.04296875 0.04140625
0 0.1265625 0.7171875 0.03515625 0.059375
0 0.11796875 0.85078125 0.02890625 0.0671875
0 0.1875 0.8765625 0.03125 0.05390625
0 0.19921875 0.73984375 0.03125 0.0640625
0 0.24921875 0.81015625 0.01640625 0.07890625
0 0.3078125 0.903125 0.04140625 0.03671875
0 0.35625 0.7984375 0.02109375 0.07421875
0 0.29921875 0.709375 0.0421875 0.03671875
0 0.58984375 0.7125 0.04140625 0.05859375
0 0.478125 0.7078125 0.04296875 0.0453125
0 0.4078125 0.7578125 0.0265625 0.07109375
0 0.4375 0.89375 0.03984375 0.04609375
0 0.51015625 0.84140625 0.02421875 0.078125
0 0.56484375 0.84921875 0.0296875 0.07890625
0 0.64453125 0.8984375 0.0390625 0.0453125
0 0.6703125 0.7625 0.02890625 0.0671875
0 0.6109375 0.62109375 0.04765625 0.0328125
0 0.67265625 0.5234375 0.01484375 0.084375
0 0.6125 0.4125 0.0484375 0.0484375
0 0.55390625 0.515625 0.01953125 0.0796875
0 0.50703125 0.553125 0.01953125 0.07734375
0 0.471875 0.42734375 0.04375 0.03828125
0 0.4015625 0.49296875 0.025 0.075
0 0.43984375 0.6171875 0.03828125 0.04296875
0 0.39609375 0.22578125 0.02109375 0.0734375
0 0.44453125 0.34453125 0.040625 0.03515625
0 0.50703125 0.25625 0.015625 0.0875
0 0.46328125 0.13515625 0.0453125 0.0359375
0 0.56796875 0.16328125 0.03046875 0.0734375
0 0.5765625 0.309375 0.0421875 0.059375
0 0.6625 0.28828125 0.03203125 0.07421875
0 0.65078125 0.13828125 0.040625 0.05390625
0 0.78984375 0.1046875 0.046875 0.0390625
0 0.72890625 0.22578125 0.02265625 0.0859375
0 0.79609375 0.32265625 0.0484375 0.03984375
0 0.85703125 0.2 0.0203125 0.08203125
0 0.80390625 0.4140625 0.0453125 0.04765625
0 0.725 0.4828125 0.0296875 0.0796875
0 0.76328125 0.6203125 0.0515625 0.04375
0 0.84609375 0.55078125 0.02890625 0.0859375
0 0.74453125 0.73671875 0.04140625 0.06796875
0 0.83359375 0.740625 0.04453125 0.0703125
0 0.74296875 0.890625 0.04375 0.0703125
0 0.8328125 0.8953125 0.03671875 0.0671875