1 0.19140625 0.071875 0.09453125 0.02734375
1 0.0890625 0.13984375 0.03828125 0.04921875
1 0.3078125 0.1265625 0.0453125 0.05234375
1 0.21015625 0.19296875 0.0796875 0.0328125
1 0.40625 0.1015625 0.04453125 0.0421875
1 0.5453125 0.0640625 0.06953125 0.02890625
1 0.61484375 0.1421875 0.04609375 0.0515625
1 0.47265625 0.18125 0.0828125 0.0234375
1 0.74609375 0.08359375 0.06484375 0.034375
1 0.90546875 0.0859375 0.065625 0.03828125
1 0.7375 0.171875 0.07109375 0.0328125
1 0.90078125 0.17265625 0.06171875 0.04296875
1 0.16171875 0.259375 0.0796875 0.0296875
1 0.4859375 0.24375 0.0859375 0.02578125
1 0.30234375 0.29765625 0.06015625 0.04921875
1 0.09765625 0.33828125 0.0484375 0.0421875
1 0.24296875 0.3765625 0.07421875 0.03046875
1 0.40390625 0.31875 0.04375 0.04453125
1 0.53515625 0.36796875 0.08203125 0.03125
1 0.61640625 0.29140625 0.0546875 0.0453125
1 0.7765625 0.24921875 0.071875 0.02734375
1 0.92578125 0.2796875 0.05078125 0.0453125
1 0.7171875 0.33203125 0.06171875 0.03984375
1 0.871875 0.36328125 0.075 0.03359375
1 0.1125 0.446875 0.06875 0.03515625
1 0.2703125 0.45625 0.0640625 0.03671875
1 0.09765625 0.53671875 0.0671875 0.03828125
1 0.2578125 0.54296875 0.05546875 0.03515625
1 0.40078125 0.4984375 0.04765625 0.0453125
1 0.48359375 0.425 0.078125 0.028125
1 0.609375 0.471875 0.05078125 0.04609375
1 0.53125 0.54609375 0.07734375 0.02578125
1 0.74375 0.52421875 0.07578125 0.03828125
1 0.9125 0.52734375 0.0671875 0.0375
1 0.90859375 0.43671875 0.06953125 0.034375
1 0.74921875 0.4375 0.05703125 0.03671875
1 0.115625 0.628125 0.0671875 0.0390625
1 0.275 0.63125 0.0734375 0.03203125
1 0.39453125 0.65390625 0.03671875 0.046875
1 0.51953125 0.596875 0.0796875 0.02109375
1 0.6203125 0.66796875 0.0390625 0.0484375
1 0.49140625 0.72734375 0.0890625 0.0234375
1 0.7109375 0.665625 0.05078125 0.05078125
1 0.8140625 0.59765625 0.084375 0.0296875
1 0.93828125 0.65546875 0.0453125 0.04609375
1 0.8375 0.72734375 0.0875 0.03203125
1 0.26171875 0.725 0.0703125 0.0390625
1 0.10703125 0.71953125 0.06484375 0.03984375
1 0.1875 0.79296875 0.0875 0.03046875
1 0.07890625 0.86953125 0.03984375 0.05390625
1 0.3140625 0.85546875 0.04140625 0.05
1 0.20859375 0.925 0.0875 0.02578125
1 0.41796875 0.8125 0.0546875 0.04609375
1 0.57890625 0.790625 0.08671875 0.03203125
1 0.459375 0.90546875 0.0796875 0.03828125
1 0.61796875 0.8828125 0.05546875 0.03828125
1 0.8359375 0.7796875 0.0828125 0.0265625
1 0.725 0.84609375 0.04609375 0.0515625
1 0.83984375 0.91484375 0.090625 0.025
1 0.9578125 0.846875 0.040625 0.0484375