1 0.175 0.17265625 0.0625 0.03046875
1 0.178125 0.09453125 0.05859375 0.02578125
1 0.32734375 0.10390625 0.0609375 0.03515625
1 0.328125 0.18125 0.05859375 0.034375
1 0.48671875 0.10078125 0.059375 0.0203125
1 0.446875 0.17109375 0.04921875 0.03203125
1 0.6171875 0.13125 0.04375 0.03671875
1 0.58046875 0.1984375 0.05859375 0.028125
1 0.70859375 0.140625 0.03359375 0.03203125
1 0.76171875 0.2109375 0.0671875 0.0234375
1 0.87578125 0.18671875 0.0390625 0.03515625
1 0.82109375 0.12109375 0.05546875 0.02265625
1 0.88125 0.28125 0.046875 0.03359375
1 0.865625 0.35234375 0.05078125 0.03046875
1 0.7375 0.33828125 0.053125 0.03125
1 0.7546875 0.2671875 0.0484375 0.02890625
1 0.77734375 0.4078125 0.05390625 0.021875
1 0.8984375 0.43984375 0.04296875 0.0328125
1 0.85390625 0.50859375 0.06171875 0.02421875
1 0.73046875 0.478125 0.0453125 0.034375
1 0.7796875 0.56484375 0.05234375 0.02890625
1 0.9078125 0.584375 0.04765625 0.0328125
1 0.75078125 0.64453125 0.05390625 0.03671875
1 0.8859375 0.6625 0.059375 0.0296875
1 0.7921875 0.73046875 0.05546875 0.0328125
1 0.92421875 0.74609375 0.04765625 0.03046875
1 0.76953125 0.81953125 0.05703125 0.040625
1 0.9046875 0.828125 0.0578125 0.034375
1 0.56953125 0.7265625 0.07109375 0.02109375
1 0.6640625 0.790625 0.03515625 0.040625
1 0.5625 0.85390625 0.07421875 0.01875
1 0.4640625 0.790625 0.03984375 0.046875
1 0.359375 0.83125 0.0390625 0.040625
1 0.28671875 0.74921875 0.075 0.02421875
1 0.21328125 0.88203125 0.08046875 0.02421875
1 0.134375 0.7984375 0.04140625 0.046875
1 0.65703125 0.61875 0.02578125 0.03828125
1 0.55390625 0.55859375 0.06484375 0.01796875
1 0.45546875 0.6171875 0.0328125 0.0421875
1 0.55859375 0.678125 0.071875 0.01796875
1 0.35234375 0.5953125 0.0578125 0.0359375
1 0.1984375 0.578125 0.06796875 0.034375
1 0.16171875 0.66640625 0.06015625 0.0359375
1 0.31796875 0.68203125 0.06171875 0.0328125
1 0.59453125 0.2546875 0.0578125 0.02734375
1 0.6359375 0.3296875 0.0421875 0.03671875
1 0.46171875 0.27109375 0.0421875 0.03203125
1 0.503125 0.34765625 0.071875 0.0234375
1 0.5359375 0.4015625 0.06953125 0.01953125
1 0.45 0.459375 0.034375 0.03828125
1 0.64453125 0.453125 0.0328125 0.03828125
1 0.559375 0.5109375 0.07265625 0.01484375
1 0.34375 0.425 0.06171875 0.0359375
1 0.3421875 0.2609375 0.0609375 0.03828125
1 0.19140625 0.25 0.05859375 0.0296875
1 0.1875 0.33203125 0.0671875 0.03203125
1 0.33984375 0.3390625 0.05859375 0.0328125
1 0.18984375 0.4125 0.065625 0.03203125
1 0.171875 0.49609375 0.0625 0.034375
1 0.32734375 0.50703125 0.0625 0.03515625