0 0.1328125 0.2578125 0.0359375 0.05
0 0.20703125 0.31484375 0.03203125 0.071875
0 0.11015625 0.390625 0.02578125 0.0671875
0 0.1828125 0.446875 0.03515625 0.04609375
0 0.259375 0.325 0.02265625 0.07109375
0 0.33203125 0.2671875 0.03984375 0.04140625
0 0.29609375 0.4578125 0.03828125 0.0390625
0 0.3671875 0.40234375 0.01953125 0.06796875
0 0.415625 0.33984375 0.01796875 0.071875
0 0.48515625 0.25703125 0.0390625 0.0296875
0 0.53125 0.38203125 0.01640625 0.0734375
0 0.4625 0.4640625 0.0375 0.02890625
0 0.59453125 0.2921875 0.03203125 0.07109375
0 0.68203125 0.27421875 0.03984375 0.05703125
0 0.68828125 0.428125 0.0359375 0.06875
0 0.6015625 0.44375 0.03828125 0.05390625
0 0.759375 0.36875 0.01796875 0.07734375
0 0.8921875 0.3609375 0.01875 0.0765625
0 0.82578125 0.25078125 0.04453125 0.0328125
0 0.82265625 0.47734375 0.04375 0.0265625
0 0.83046875 0.56875 0.04453125 0.040625
0 0.746875 0.63046875 0.02421875 0.07109375
0 0.8671875 0.70546875 0.0265625 0.07265625
0 0.78203125 0.7671875 0.04453125 0.04140625
0 0.6359375 0.55234375 0.03984375 0.0234375
0 0.57421875 0.64609375 0.0140625 0.06953125
0 0.69375 0.66328125 0.01640625 0.07421875
0 0.6296875 0.75625 0.0421875 0.03125
0 0.48984375 0.5515625 0.03828125 0.0390625
0 0.41875 0.61015625 0.02109375 0.0640625
0 0.52578125 0.67890625 0.01875 0.07109375
0 0.4546875 0.73828125 0.0390625 0.040625
0 0.30859375 0.54609375 0.040625 0.034375
0 0.26015625 0.64921875 0.0203125 0.06953125
0 0.36875 0.6375 0.0203125 0.0671875
0 0.3203125 0.73984375 0.03828125 0.03046875
0 0.115625 0.57578125 0.0265625 0.06484375
0 0.18828125 0.5484375 0.0390625 0.0484375
0 0.209375 0.68203125 0.02578125 0.06328125
0 0.13828125 0.71015625 0.034375 0.05078125
0 0.13984375 0.8125 0.03515625 0.0546875
0 0.2140625 0.84375 0.034375 0.06171875
0 0.20390625 0.96953125 0.03203125 0.046875
0 0.1328125 0.9375 0.02890625 0.05703125
0 0.315625 0.81640625 0.03984375 0.03515625
0 0.26640625 0.9109375 0.01875 0.065625
0 0.371875 0.91015625 0.01875 0.06640625
0 0.4234375 0.87265625 0.02421875 0.06953125
0 0.496875 0.8328125 0.03828125 0.05
0 0.5234375 0.9609375 0.02265625 0.06484375
0 0.578125 0.9671875 0.0265625 0.065625
0 0.60859375 0.83984375 0.040625 0.05234375
0 0.6859375 0.89765625 0.028125 0.06875
0 0.76015625 0.87578125 0.0359375 0.06328125
0 0.84609375 0.88984375 0.0375 0.0609375