0 0.184375 0.0921875 0.03671875 0.05234375
0 0.15078125 0.20546875 0.0234375 0.06328125
0 0.2125 0.2546875 0.0375 0.04375
0 0.24140625 0.13671875 0.028125 0.075
0 0.3578125 0.090625 0.04296875 0.05234375
0 0.28984375 0.14765625 0.02578125 0.0796875
0 0.315625 0.2625 0.03828125 0.04765625
0 0.38359375 0.2078125 0.025 0.071875
0 0.43046875 0.15390625 0.01796875 0.0765625
0 0.49375 0.0734375 0.03828125 0.03359375
0 0.5359375 0.1890625 0.02109375 0.0859375
0 0.4703125 0.2609375 0.04140625 0.046875
0 0.596875 0.10703125 0.03359375 0.06953125
0 0.67734375 0.08046875 0.04296875 0.065625
0 0.6 0.23984375 0.03828125 0.06171875
0 0.68515625 0.22578125 0.03671875 0.071875
0 0.753125 0.165625 0.02734375 0.0765625
0 0.809375 0.05703125 0.05 0.0421875
0 0.815625 0.26171875 0.05234375 0.046875
0 0.87734375 0.15234375 0.0265625 0.09140625
0 0.825 0.353125 0.05546875 0.05
0 0.7453125 0.4171875 0.03046875 0.08046875
0 0.78359375 0.5515625 0.05078125 0.06171875
0 0.86953125 0.4890625 0.0296875 0.08515625
0 0.68984375 0.45 0.02109375 0.0828125
0 0.634375 0.33828125 0.04921875 0.03515625
0 0.6265625 0.54765625 0.0515625 0.04375
0 0.571875 0.43671875 0.02421875 0.08046875
0 0.5234375 0.471875 0.025 0.07109375
0 0.4921875 0.35 0.04453125 0.0421875
0 0.4234375 0.40859375 0.02578125 0.0765625
0 0.4546875 0.53203125 0.04375 0.0421875
0 0.3734375 0.434375 0.02578125 0.08046875
0 0.321875 0.3421875 0.040625 0.03828125
0 0.27265625 0.4421875 0.01953125 0.0671875
0 0.32265625 0.5328125 0.04296875 0.046875
0 0.20703125 0.3453125 0.0421875 0.04375
0 0.14140625 0.375 0.0328125 0.0640625
0 0.15078125 0.50078125 0.034375 0.0546875
0 0.221875 0.475 0.0296875 0.07109375
0 0.14453125 0.6078125 0.03828125 0.05625
0 0.1234375 0.7421875 0.0296875 0.07109375
0 0.19140625 0.771875 0.0375 0.05625
0 0.21328125 0.6328125 0.0296875 0.07421875
0 0.31171875 0.60625 0.04609375 0.03515625
0 0.2609375 0.71171875 0.02578125 0.07421875
0 0.30859375 0.8125 0.04140625 0.0390625
0 0.36484375 0.71015625 0.01953125 0.0859375
0 0.41875 0.66796875 0.028125 0.0796875
0 0.4375 0.8109375 0.0421875 0.0546875
0 0.5171875 0.76484375 0.02734375 0.08203125
0 0.575 0.76875 0.03515625 0.09765625
0 0.60703125 0.634375 0.05078125 0.0640625
0 0.6875 0.7 0.03046875 0.08515625
0 0.6515625 0.84140625 0.04921875 0.06015625
0 0.7609375 0.83046875 0.04375 0.075
0 0.85625 0.84296875 0.03671875 0.071875
0 0.85703125 0.68671875 0.046875 0.07421875
0 0.76171875 0.67578125 0.04375 0.075