0 0.31484375 0.11171875 0.03671875 0.0390625
0 0.11328125 0.5765625 0.0328125 0.0484375
0 0.2859375 0.39140625 0.0390625 0.03046875
0 0.165625 0.8578125 0.0328125 0.05234375
0 0.28671875 0.68046875 0.0375 0.0296875
0 0.6234375 0.37421875 0.0421875 0.03515625
0 0.29296875 0.5984375 0.0359375 0.02890625
0 0.18125 0.71640625 0.02890625 0.0609375
0 0.67265625 0.24375 0.03515625 0.0734375
0 0.82890625 0.37890625 0.04453125 0.0421875
0 0.34921875 0.24375 0.021875 0.06640625
0 0.12734375 0.1234375 0.03203125 0.04453125
0 0.23203125 0.7875 0.01640625 0.0640625
0 0.396875 0.17578125 0.01875 0.065625
0 0.8640625 0.90859375 0.04140625 0.06484375
0 0.8640625 0.7390625 0.04296875 0.07109375
0 0.47265625 0.38671875 0.03984375 0.03984375
0 0.234375 0.503125 0.01640625 0.06328125
0 0.34375 0.784375 0.01796875 0.06796875
0 0.346875 0.4875 0.01953125 0.06953125
0 0.4 0.73515625 0.02578125 0.06953125
0 0.2890625 0.89375 0.03515625 0.02890625
0 0.1671875 0.40546875 0.0359375 0.04765625
0 0.7640625 0.7265625 0.03671875 0.06640625
0 0.165625 0.30234375 0.03515625 0.05
0 0.815625 0.27734375 0.04765625 0.03984375
0 0.78359375 0.596875 0.04609375 0.04140625
0 0.88515625 0.15390625 0.01875 0.07421875
0 0.809375 0.04921875 0.0453125 0.03671875
0 0.56484375 0.8359375 0.03203125 0.08125
0 0.50546875 0.83984375 0.02890625 0.0765625
0 0.6625 0.0859375 0.03828125 0.06015625
0 0.19375 0.171875 0.02578125 0.06328125
0 0.59921875 0.690625 0.04375 0.05390625
0 0.5109375 0.2125 0.0171875 0.07265625
0 0.76015625 0.890625 0.03984375 0.07421875
0 0.5796875 0.2625 0.03828125 0.0625
0 0.44140625 0.29765625 0.03828125 0.02890625
0 0.57421875 0.1125 0.03671875 0.0765625
0 0.74453125 0.171875 0.02109375 0.08046875
0 0.184375 0.540625 0.0265625 0.06328125
0 0.68359375 0.75546875 0.0328125 0.08125
0 0.42421875 0.88671875 0.0375 0.0515625
0 0.39765625 0.4578125 0.02421875 0.07265625
0 0.68515625 0.4921875 0.01640625 0.0734375
0 0.615625 0.59609375 0.04453125 0.03359375
0 0.1 0.25390625 0.02109375 0.06015625
0 0.64921875 0.90703125 0.0453125 0.05859375
0 0.878125 0.5265625 0.028125 0.07890625
0 0.50625 0.521875 0.025 0.07421875
0 0.10859375 0.68671875 0.03359375 0.05390625
0 0.465625 0.08671875 0.03828125 0.0328125
0 0.5578125 0.47890625 0.0171875 0.06953125
0 0.478125 0.68828125 0.040625 0.05234375
0 0.09453125 0.8265625 0.0265625 0.06171875
0 0.09609375 0.4375 0.02734375 0.06328125
0 0.74140625 0.4515625 0.0234375 0.071875
0 0.27578125 0.30703125 0.034375 0.034375
0 0.4328125 0.5890625 0.03203125 0.03203125
0 0.2421875 0.18828125 0.01796875 0.04375