1 0.19140625 0.190625 0.0484375 0.0234375
1 0.31953125 0.18828125 0.05625 0.02890625
1 0.18828125 0.25625 0.05078125 0.021875
1 0.3203125 0.2546875 0.04921875 0.0328125
1 0.43125 0.2375 0.04375 0.028125
1 0.46171875 0.175 0.06015625 0.021875
1 0.5875 0.1890625 0.0484375 0.0328125
1 0.55703125 0.253125 0.05703125 0.02890625
1 0.79140625 0.16328125 0.0640625 0.01953125
1 0.6796875 0.1921875 0.0296875 0.03125
1 0.7359375 0.2515625 0.059375 0.0171875
1 0.85546875 0.2203125 0.034375 0.03671875
1 0.87265625 0.3078125 0.05 0.03125
1 0.73671875 0.30078125 0.0578125 0.02578125
1 0.57265625 0.3015625 0.06875 0.02265625
1 0.44375 0.32421875 0.0453125 0.03125
1 0.33203125 0.31875 0.0640625 0.03125
1 0.20234375 0.3203125 0.05859375 0.02578125
1 0.19296875 0.390625 0.05234375 0.02578125
1 0.33203125 0.39140625 0.05 0.034375
1 0.48671875 0.3921875 0.06015625 0.02265625
1 0.6171875 0.36640625 0.04296875 0.034375
1 0.72109375 0.37109375 0.0546875 0.0296875
1 0.85625 0.378125 0.0546875 0.03203125
1 0.90546875 0.46171875 0.05078125 0.03828125
1 0.8578125 0.5328125 0.065625 0.0265625
1 0.721875 0.50625 0.05234375 0.034375
1 0.76796875 0.434375 0.06328125 0.02421875
1 0.63046875 0.484375 0.0296875 0.040625
1 0.52109375 0.43671875 0.07421875 0.0171875
1 0.43828125 0.49453125 0.0375 0.03828125
1 0.540625 0.54375 0.071875 0.021875
1 0.3359375 0.4671875 0.05859375 0.03203125
1 0.19609375 0.4609375 0.0609375 0.028125
1 0.17578125 0.5375 0.0546875 0.03203125
1 0.3203125 0.5421875 0.05625 0.0328125
1 0.9296875 0.6109375 0.0609375 0.03828125
1 0.78359375 0.5921875 0.0640625 0.0328125
1 0.7578125 0.67578125 0.06171875 0.03984375
1 0.91171875 0.69375 0.065625 0.0359375
1 0.64921875 0.6453125 0.03828125 0.04296875
1 0.5421875 0.5890625 0.07421875 0.02109375
1 0.553125 0.71015625 0.07578125 0.0171875
1 0.4421875 0.64921875 0.0328125 0.04609375
1 0.34140625 0.6265625 0.0609375 0.0375
1 0.196875 0.61328125 0.0703125 0.034375
1 0.16328125 0.69921875 0.05546875 0.03828125
1 0.31015625 0.71171875 0.06328125 0.03671875
1 0.3484375 0.86484375 0.0390625 0.040625
1 0.2046875 0.91171875 0.07421875 0.02734375
1 0.1359375 0.825 0.046875 0.046875
1 0.275 0.778125 0.07890625 0.02734375
1 0.45234375 0.82578125 0.03515625 0.04921875
1 0.56640625 0.7609375 0.07578125 0.02265625
1 0.56328125 0.89921875 0.0875 0.0203125
1 0.675 0.83046875 0.02890625 0.05
1 0.78828125 0.86328125 0.06953125 0.04765625
1 0.953125 0.88125 0.071875 0.04140625
1 0.96640625 0.7875 0.0609375 0.0421875
1 0.809375 0.7671875 0.0765625 0.03828125