1 0.19609375 0.0765625 0.08984375 0.0234375
1 0.08828125 0.1421875 0.03515625 0.04609375
1 0.31171875 0.13515625 0.053125 0.05546875
1 0.21015625 0.19609375 0.08359375 0.028125
1 0.403125 0.10859375 0.05 0.0390625
1 0.54140625 0.0703125 0.08671875 0.034375
1 0.4703125 0.18359375 0.07890625 0.02578125
1 0.609375 0.1484375 0.059375 0.046875
1 0.7390625 0.09375 0.0609375 0.03515625
1 0.89296875 0.096875 0.06640625 0.0375
1 0.734375 0.1765625 0.06953125 0.03203125
1 0.88984375 0.18125 0.059375 0.0390625
1 0.15859375 0.259375 0.0828125 0.02734375
1 0.0921875 0.33828125 0.0453125 0.03984375
1 0.3015625 0.29765625 0.0546875 0.046875
1 0.23671875 0.37578125 0.07421875 0.03359375
1 0.39609375 0.31796875 0.0546875 0.0421875
1 0.484375 0.24609375 0.0890625 0.028125
1 0.61171875 0.29296875 0.0546875 0.046875
1 0.53125 0.36484375 0.0828125 0.03359375
1 0.7671875 0.25546875 0.07890625 0.0328125
1 0.71328125 0.3328125 0.06171875 0.04296875
1 0.86484375 0.3640625 0.07890625 0.0328125
1 0.91640625 0.28203125 0.05234375 0.04453125
1 0.10546875 0.44609375 0.07421875 0.03671875
1 0.26796875 0.45625 0.07421875 0.04609375
1 0.08828125 0.53515625 0.06953125 0.0390625
1 0.25 0.5421875 0.06171875 0.0375
1 0.3953125 0.49765625 0.04609375 0.0453125
1 0.525 0.54453125 0.0734375 0.028125
1 0.60625 0.46875 0.05 0.04375
1 0.47734375 0.425 0.09296875 0.03125
1 0.74140625 0.4390625 0.0640625 0.0390625
1 0.903125 0.43984375 0.06640625 0.03671875
1 0.7390625 0.52421875 0.0765625 0.03671875
1 0.9078125 0.5265625 0.0703125 0.0390625
1 0.10625 0.62734375 0.071875 0.03828125
1 0.2703125 0.63125 0.0625 0.03671875
1 0.3890625 0.65625 0.0328125 0.04921875
1 0.51171875 0.596875 0.09140625 0.021875
1 0.6125 0.66875 0.03515625 0.04765625
1 0.4890625 0.728125 0.08359375 0.01953125
1 0.25625 0.72734375 0.06640625 0.03984375
1 0.09375 0.7234375 0.071875 0.03828125
1 0.7109375 0.6671875 0.0421875 0.0484375
1 0.93671875 0.65546875 0.0390625 0.04140625
1 0.80625 0.59765625 0.08515625 0.0265625
1 0.8359375 0.7265625 0.08125 0.025
1 0.17421875 0.79765625 0.0796875 0.0234375
1 0.0640625 0.87734375 0.04765625 0.05234375
1 0.19609375 0.93515625 0.07890625 0.02734375
1 0.29921875 0.86015625 0.04140625 0.0453125
1 0.41328125 0.81875 0.05390625 0.046875
1 0.45390625 0.9140625 0.07734375 0.03359375
1 0.615625 0.8890625 0.05078125 0.04765625
1 0.57421875 0.79453125 0.08359375 0.03125
1 0.83515625 0.7828125 0.08671875 0.0234375
1 0.72578125 0.853125 0.04375 0.059375
1 0.8421875 0.92109375 0.090625 0.0234375
1 0.9578125 0.8484375 0.03515625 0.05390625