1 0.2046875 0.10625 0.07890625 0.0234375
1 0.1078125 0.165625 0.03125 0.04609375
1 0.2171875 0.21953125 0.0671875 0.0265625
1 0.31875 0.159375 0.0390625 0.04765625
1 0.4109375 0.13671875 0.04765625 0.0390625
1 0.5515625 0.10234375 0.0734375 0.028125
1 0.61328125 0.17421875 0.05390625 0.04765625
1 0.47890625 0.2109375 0.071875 0.0234375
1 0.74140625 0.12109375 0.06015625 0.03046875
1 0.8953125 0.125 0.05703125 0.0390625
1 0.7359375 0.20234375 0.05859375 0.02890625
1 0.890625 0.20546875 0.05703125 0.03828125
1 0.171875 0.28203125 0.07734375 0.02421875
1 0.1 0.359375 0.0453125 0.03828125
1 0.3125 0.31875 0.05703125 0.0453125
1 0.2375 0.39609375 0.07734375 0.03203125
1 0.40390625 0.33984375 0.04765625 0.04140625
1 0.4890625 0.26953125 0.075 0.0234375
1 0.61328125 0.31640625 0.0546875 0.0515625
1 0.5359375 0.3890625 0.08203125 0.03125
1 0.71015625 0.35625 0.05234375 0.0390625
1 0.86484375 0.38515625 0.084375 0.03203125
1 0.915625 0.30703125 0.04921875 0.040625
1 0.76953125 0.278125 0.0703125 0.03125
1 0.11171875 0.4625 0.06796875 0.0359375
1 0.08984375 0.54921875 0.07421875 0.0453125
1 0.27109375 0.47265625 0.0703125 0.03984375
1 0.2546875 0.5609375 0.059375 0.03671875
1 0.39609375 0.51796875 0.04921875 0.0484375
1 0.48125 0.44609375 0.078125 0.028125
1 0.51875 0.56328125 0.0796875 0.0265625
1 0.609375 0.4921875 0.05546875 0.05
1 0.746875 0.4578125 0.06484375 0.0453125
1 0.9015625 0.46015625 0.075 0.04453125
1 0.7390625 0.5453125 0.07265625 0.03671875
1 0.90625 0.54921875 0.0578125 0.040625
1 0.10859375 0.64296875 0.07578125 0.03984375
1 0.08828125 0.7390625 0.06484375 0.04140625
1 0.2515625 0.74453125 0.05703125 0.0390625
1 0.27109375 0.65078125 0.06328125 0.0328125
1 0.38828125 0.6734375 0.0359375 0.04375
1 0.5171875 0.6171875 0.0875 0.0234375
1 0.490625 0.74921875 0.08984375 0.01953125
1 0.61171875 0.69140625 0.04453125 0.04375
1 0.70703125 0.6875 0.0515625 0.053125
1 0.80859375 0.61796875 0.08125 0.028125
1 0.940625 0.67890625 0.03984375 0.04765625
1 0.83125 0.75 0.08984375 0.02734375
1 0.16953125 0.81796875 0.08359375 0.03046875
1 0.2953125 0.88203125 0.046875 0.0453125
1 0.18125 0.9578125 0.08515625 0.02890625
1 0.059375 0.88984375 0.0515625 0.05625
1 0.5734375 0.81640625 0.08046875 0.03125
1 0.40703125 0.8390625 0.06328125 0.0484375
1 0.446875 0.9375 0.07578125 0.0375
1 0.609375 0.91328125 0.04921875 0.0390625
1 0.72421875 0.87421875 0.04921875 0.0546875
1 0.84609375 0.946875 0.08125 0.02578125
1 0.96015625 0.878125 0.0359375 0.04765625
1 0.83984375 0.80546875 0.075 0.0265625