1 0.2109375 0.06875 0.0890625 0.021875
1 0.11171875 0.1390625 0.0453125 0.04609375
1 0.33984375 0.128125 0.04609375 0.05078125
1 0.23203125 0.20078125 0.08359375 0.0265625
1 0.4375 0.10078125 0.05234375 0.046875
1 0.58046875 0.059375 0.08125 0.028125
1 0.6515625 0.14375 0.05390625 0.0546875
1 0.50859375 0.18515625 0.0859375 0.02734375
1 0.7875 0.08125 0.0703125 0.03671875
1 0.77734375 0.175 0.075 0.04296875
1 0.94375 0.17890625 0.06796875 0.04375
1 0.1875 0.26640625 0.0828125 0.028125
1 0.125 0.35234375 0.053125 0.04765625
1 0.33515625 0.30625 0.06484375 0.0515625
1 0.271875 0.38984375 0.08046875 0.034375
1 0.43671875 0.328125 0.05859375 0.0453125
1 0.57265625 0.378125 0.09453125 0.02890625
1 0.65234375 0.3 0.0546875 0.0515625
1 0.5234375 0.25234375 0.0890625 0.02734375
1 0.81796875 0.25859375 0.078125 0.03515625
1 0.76015625 0.3453125 0.06796875 0.0453125
1 0.9671875 0.2890625 0.05625 0.05078125
1 0.9140625 0.375 0.084375 0.0328125
1 0.14609375 0.4640625 0.07265625 0.04140625
1 0.13359375 0.55078125 0.06953125 0.04296875
1 0.2953125 0.55859375 0.05625 0.03828125
1 0.4421875 0.5125 0.05859375 0.046875
1 0.57109375 0.56171875 0.07734375 0.02734375
1 0.65078125 0.4875 0.04921875 0.046875
1 0.51875 0.4375 0.09375 0.02734375
1 0.78515625 0.4515625 0.05859375 0.040625
1 0.9421875 0.45 0.078125 0.0359375
1 0.784375 0.5390625 0.0765625 0.0390625
1 0.94609375 0.5390625 0.0671875 0.040625
1 0.31953125 0.64453125 0.06875 0.03046875
1 0.1578125 0.64296875 0.0734375 0.040625
1 0.153125 0.73359375 0.0703125 0.03828125
1 0.3125 0.73359375 0.0609375 0.0359375
1 0.5359375 0.7359375 0.0859375 0.02734375
1 0.434375 0.665625 0.04375 0.0484375
1 0.55703125 0.61171875 0.0875 0.02421875
1 0.65546875 0.68046875 0.046875 0.05
1 0.85078125 0.6078125 0.0796875 0.02421875
1 0.74765625 0.67578125 0.0515625 0.04609375
1 0.971875 0.66484375 0.03984375 0.04375
1 0.86796875 0.73359375 0.0859375 0.025
1 0.8734375 0.78515625 0.08203125 0.02421875
1 0.98515625 0.84609375 0.028125 0.04609375
1 0.87109375 0.90546875 0.096875 0.02890625
1 0.76171875 0.84609375 0.0515625 0.05
1 0.6234375 0.79765625 0.07578125 0.028125
1 0.46484375 0.8203125 0.06484375 0.046875
1 0.5046875 0.90625 0.078125 0.03671875
1 0.65859375 0.88359375 0.05078125 0.0375
1 0.36015625 0.85859375 0.04375 0.04296875
1 0.26015625 0.93046875 0.08203125 0.02734375
1 0.13515625 0.87265625 0.04765625 0.0484375
1 0.23359375 0.803125 0.0890625 0.02890625