1 0.22265625 0.19453125 0.05078125 0.0234375
1 0.35234375 0.19609375 0.05078125 0.028125
1 0.21328125 0.26171875 0.0484375 0.02578125
1 0.346875 0.26171875 0.04453125 0.02890625
1 0.5015625 0.18359375 0.053125 0.02109375
1 0.6234375 0.2015625 0.04375 0.034375
1 0.46015625 0.24609375 0.04609375 0.028125
1 0.58515625 0.26640625 0.053125 0.0265625
1 0.83984375 0.18046875 0.0609375 0.021875
1 0.71875 0.20546875 0.03046875 0.02734375
1 0.76875 0.26640625 0.0609375 0.0171875
1 0.89375 0.23984375 0.0375 0.0359375
1 0.7671875 0.31796875 0.05546875 0.025
1 0.90703125 0.3296875 0.05546875 0.034375
1 0.74609375 0.38828125 0.0546875 0.03125
1 0.8890625 0.39921875 0.06171875 0.0296875
1 0.59921875 0.315625 0.06328125 0.0234375
1 0.46953125 0.33515625 0.04453125 0.03203125
1 0.503125 0.40390625 0.06171875 0.021875
1 0.63515625 0.38359375 0.046875 0.03828125
1 0.3546875 0.32890625 0.05546875 0.03046875
1 0.21875 0.32734375 0.05546875 0.02890625
1 0.20703125 0.3984375 0.05 0.0265625
1 0.34921875 0.4015625 0.0484375 0.03203125
1 0.20546875 0.46953125 0.059375 0.03046875
1 0.34453125 0.478125 0.05703125 0.0328125
1 0.3203125 0.55859375 0.053125 0.0328125
1 0.17578125 0.546875 0.05703125 0.03125
1 0.5375 0.453125 0.0625 0.0171875
1 0.44609375 0.509375 0.028125 0.03359375
1 0.646875 0.50234375 0.02890625 0.0375
1 0.55625 0.5640625 0.07109375 0.015625
1 0.79140625 0.45546875 0.0578125 0.02109375
1 0.93203125 0.48671875 0.04453125 0.0359375
1 0.73984375 0.52734375 0.05 0.0328125
1 0.88125 0.56015625 0.065625 0.0265625
1 0.7984375 0.61953125 0.06484375 0.0328125
1 0.95078125 0.64375 0.05546875 0.0390625
1 0.925 0.73125 0.06796875 0.0328125
1 0.76640625 0.70625 0.059375 0.040625
1 0.54921875 0.60859375 0.0671875 0.01328125
1 0.44140625 0.671875 0.028125 0.0421875
1 0.65625 0.6734375 0.0296875 0.0421875
1 0.54921875 0.7375 0.071875 0.01328125
1 0.19140625 0.6265625 0.0625 0.03046875
1 0.3390625 0.6453125 0.05390625 0.03671875
1 0.29921875 0.73359375 0.0625 0.03203125
1 0.14609375 0.7140625 0.04609375 0.0375
1 0.25625 0.80234375 0.078125 0.0203125
1 0.10625 0.84765625 0.0453125 0.04609375
1 0.32578125 0.8953125 0.03515625 0.04296875
1 0.1734375 0.94140625 0.075 0.02421875
1 0.56015625 0.79140625 0.07109375 0.01640625
1 0.43828125 0.85703125 0.0328125 0.046875
1 0.66875 0.86875 0.0296875 0.0453125
1 0.54296875 0.9375 0.071875 0.01796875
1 0.81484375 0.80625 0.0609375 0.0359375
1 0.7875 0.9078125 0.0640625 0.046875
1 0.97578125 0.83046875 0.04765625 0.0375
1 0.95546875 0.93125 0.06953125 0.03515625