0 0.8640625 0.16015625 0.021875 0.09140625
0 0.79609375 0.065625 0.05 0.040625
0 0.7359375 0.178125 0.02578125 0.0859375
0 0.80078125 0.2703125 0.04921875 0.03828125
0 0.6703125 0.2328125 0.03046875 0.07265625
0 0.665625 0.0953125 0.0390625 0.05859375
0 0.58359375 0.12109375 0.03203125 0.07734375
0 0.5875 0.2515625 0.03515625 0.059375
0 0.62265625 0.35859375 0.0546875 0.0375
0 0.5609375 0.4515625 0.021875 0.0875
0 0.61484375 0.5609375 0.05625 0.0390625
0 0.678125 0.46015625 0.025 0.0796875
0 0.72734375 0.4265625 0.03203125 0.08046875
0 0.7671875 0.559375 0.0578125 0.046875
0 0.48125 0.09296875 0.0453125 0.03515625
0 0.4203125 0.16953125 0.025 0.075
0 0.45859375 0.28046875 0.0421875 0.04375
0 0.521875 0.20859375 0.0203125 0.08515625
0 0.3484375 0.11015625 0.040625 0.04375
0 0.28203125 0.16796875 0.021875 0.07421875
0 0.3109375 0.284375 0.0390625 0.04375
0 0.37421875 0.23046875 0.0234375 0.0765625
0 0.21015625 0.27578125 0.03515625 0.046875
0 0.2390625 0.16015625 0.028125 0.0734375
0 0.18046875 0.11953125 0.03671875 0.05
0 0.1515625 0.23671875 0.025 0.0625
0 0.1421875 0.39921875 0.03125 0.07109375
0 0.20859375 0.36875 0.04140625 0.05234375
0 0.153125 0.51875 0.0390625 0.05234375
0 0.221875 0.496875 0.028125 0.07890625
0 0.31484375 0.3609375 0.04140625 0.03671875
0 0.265625 0.46484375 0.0203125 0.07265625
0 0.31953125 0.5484375 0.04296875 0.03828125
0 0.3671875 0.45078125 0.02109375 0.06953125
0 0.41484375 0.42421875 0.02578125 0.078125
0 0.48203125 0.3640625 0.0453125 0.04453125
0 0.8125 0.36171875 0.0515625 0.0421875
0 0.85546875 0.49375 0.028125 0.0859375
0 0.51328125 0.48203125 0.021875 0.07890625
0 0.4453125 0.54140625 0.03984375 0.04140625
0 0.14609375 0.62421875 0.040625 0.05625
0 0.13046875 0.75390625 0.02734375 0.071875
0 0.19453125 0.78515625 0.03203125 0.05703125
0 0.21171875 0.64765625 0.028125 0.06328125
0 0.3078125 0.82421875 0.04140625 0.040625
0 0.25703125 0.725 0.01875 0.08125
0 0.30859375 0.628125 0.04296875 0.04140625
0 0.36171875 0.72578125 0.025 0.08671875
0 0.41171875 0.68359375 0.03046875 0.0765625
0 0.48359375 0.63984375 0.04453125 0.05078125
0 0.43203125 0.81875 0.04375 0.05546875
0 0.50703125 0.771875 0.0265625 0.084375
0 0.56171875 0.7796875 0.028125 0.08359375
0 0.59453125 0.64453125 0.04296875 0.059375
0 0.67421875 0.70546875 0.03046875 0.084375
0 0.640625 0.84375 0.0421875 0.05859375
0 0.7484375 0.68046875 0.0359375 0.06640625
0 0.74453125 0.83671875 0.0421875 0.07734375
0 0.8421875 0.85234375 0.03984375 0.0671875
0 0.840625 0.6921875 0.04140625 0.07265625