1 0.18359375 0.08359375 0.09140625 0.0234375
1 0.090625 0.15 0.0421875 0.04609375
1 0.3 0.13828125 0.05 0.05
1 0.20546875 0.20234375 0.07734375 0.03046875
1 0.39609375 0.11171875 0.05546875 0.03515625
1 0.52890625 0.07578125 0.07890625 0.0296875
1 0.46015625 0.18828125 0.09296875 0.025
1 0.59453125 0.15078125 0.05078125 0.0484375
1 0.71796875 0.0953125 0.0703125 0.03515625
1 0.86796875 0.09765625 0.065625 0.0375
1 0.865625 0.18203125 0.0625 0.0453125
1 0.7171875 0.18125 0.08046875 0.0328125
1 0.75078125 0.25625 0.07265625 0.02734375
1 0.8890625 0.284375 0.05625 0.04609375
1 0.69609375 0.33515625 0.053125 0.0375
1 0.84140625 0.3640625 0.07578125 0.034375
1 0.47265625 0.24921875 0.07890625 0.02734375
1 0.39140625 0.32265625 0.05 0.040625
1 0.5984375 0.2953125 0.0453125 0.046875
1 0.5171875 0.36796875 0.0765625 0.02734375
1 0.30078125 0.3 0.0546875 0.0453125
1 0.1578125 0.26484375 0.08359375 0.02578125
1 0.1015625 0.3421875 0.05390625 0.0390625
1 0.23984375 0.3765625 0.07890625 0.03046875
1 0.11015625 0.45 0.0734375 0.040625
1 0.1015625 0.53125 0.059375 0.0359375
1 0.2578125 0.53671875 0.0609375 0.03515625
1 0.26484375 0.453125 0.06953125 0.0359375
1 0.46796875 0.42421875 0.07734375 0.025
1 0.39140625 0.4953125 0.04609375 0.04140625
1 0.5140625 0.5390625 0.07421875 0.0234375
1 0.59453125 0.465625 0.04140625 0.0421875
1 0.72421875 0.43515625 0.06015625 0.03515625
1 0.72109375 0.51875 0.07421875 0.0359375
1 0.87578125 0.5203125 0.06953125 0.0359375
1 0.87578125 0.43671875 0.06484375 0.03515625
1 0.78828125 0.58671875 0.075 0.02578125
1 0.68515625 0.65 0.04453125 0.05234375
1 0.80625 0.70859375 0.08515625 0.02421875
1 0.903125 0.63984375 0.03984375 0.04609375
1 0.50703125 0.58828125 0.07890625 0.02109375
1 0.3859375 0.64296875 0.0359375 0.0484375
1 0.48671875 0.71015625 0.078125 0.028125
1 0.59375 0.65703125 0.0375 0.04609375
1 0.278125 0.62109375 0.06484375 0.0359375
1 0.11875 0.621875 0.0765625 0.04765625
1 0.1078125 0.70703125 0.06875 0.03828125
1 0.26484375 0.70859375 0.0546875 0.03515625
1 0.18828125 0.77578125 0.08671875 0.02890625
1 0.09140625 0.84296875 0.0421875 0.05
1 0.21796875 0.8984375 0.0859375 0.025
1 0.30703125 0.8328125 0.0484375 0.04921875
1 0.40859375 0.79296875 0.059375 0.04375
1 0.45078125 0.88046875 0.07578125 0.03046875
1 0.60234375 0.85625 0.05 0.04296875
1 0.55625 0.76953125 0.07109375 0.028125
1 0.7015625 0.82265625 0.0359375 0.05234375
1 0.809375 0.75859375 0.07890625 0.02265625
1 0.81640625 0.884375 0.090625 0.02109375
1 0.921875 0.821875 0.0328125 0.04375