0 0.3484375 0.8296875 0.01640625 0.06796875
0 0.32734375 0.15859375 0.03671875 0.040625
0 0.10625 0.7171875 0.03515625 0.0515625
0 0.29296875 0.43671875 0.0375 0.03046875
0 0.1625 0.896875 0.03359375 0.05078125
0 0.16953125 0.440625 0.0375 0.05078125
0 0.28359375 0.35 0.03671875 0.0375
0 0.2984375 0.64375 0.0359375 0.02734375
0 0.2328125 0.82890625 0.01640625 0.065625
0 0.4796875 0.146875 0.0359375 0.0328125
0 0.13046875 0.15078125 0.03671875 0.04296875
0 0.16875 0.3375 0.0359375 0.04453125
0 0.42890625 0.93125 0.04140625 0.05703125
0 0.471875 0.4421875 0.01796875 0.025
0 0.20078125 0.2078125 0.02734375 0.06484375
0 0.8109375 0.14609375 0.0421875 0.03046875
0 0.48203125 0.73984375 0.04140625 0.0515625
0 0.184375 0.58203125 0.025 0.0640625
0 0.50703125 0.8875 0.03125 0.0765625
0 0.67734375 0.32265625 0.0328125 0.07109375
0 0.08828125 0.86171875 0.02734375 0.0625
0 0.253125 0.2171875 0.0234375 0.06640625
0 0.18203125 0.7546875 0.0296875 0.06328125
0 0.7546875 0.78828125 0.03828125 0.06640625
0 0.4046875 0.50546875 0.0234375 0.0671875
0 0.56484375 0.884375 0.03125 0.07890625
0 0.09453125 0.46796875 0.028125 0.0609375
0 0.2390625 0.54375 0.0171875 0.065625
0 0.7484375 0.259375 0.01875 0.07265625
0 0.75078125 0.94296875 0.0359375 0.0671875
0 0.35234375 0.5359375 0.01796875 0.06484375
0 0.8125 0.365625 0.04375 0.03125
0 0.62890625 0.44375 0.040625 0.02734375
0 0.109375 0.6109375 0.0328125 0.04921875
0 0.8796875 0.25390625 0.01796875 0.06953125
0 0.35703125 0.2953125 0.0203125 0.06640625
0 0.4109375 0.2296875 0.01953125 0.06796875
0 0.51328125 0.58203125 0.02578125 0.0671875
0 0.8484375 0.80078125 0.03828125 0.06484375
0 0.56328125 0.53984375 0.01796875 0.075
0 0.290625 0.9359375 0.03671875 0.02890625
0 0.68515625 0.559375 0.01484375 0.0703125
0 0.52109375 0.27578125 0.0203125 0.0703125
0 0.82265625 0.46015625 0.0421875 0.0390625
0 0.43828125 0.63984375 0.03671875 0.0390625
0 0.58984375 0.33125 0.0390625 0.06328125
0 0.84296875 0.959375 0.040625 0.0640625
0 0.6453125 0.9546875 0.0421875 0.053125
0 0.45078125 0.3546875 0.03515625 0.03359375
0 0.67109375 0.16796875 0.03671875 0.0625
0 0.290625 0.725 0.0375 0.0265625
0 0.61640625 0.6578125 0.03828125 0.0265625
0 0.778125 0.6671875 0.04140625 0.0390625
0 0.7390625 0.52578125 0.02265625 0.07109375
0 0.1 0.28203125 0.02265625 0.0640625
0 0.67890625 0.809375 0.028125 0.0734375
0 0.403125 0.78515625 0.028125 0.06953125
0 0.59921875 0.74609375 0.0421875 0.053125
0 0.58671875 0.1859375 0.0390625 0.0734375
0 0.8640625 0.60546875 0.0265625 0.07421875