1 0.72734375 0.0703125 0.06640625 0.03984375
1 0.88515625 0.0734375 0.0671875 0.040625
1 0.7203125 0.165625 0.07109375 0.03515625
1 0.88125 0.1671875 0.06640625 0.04296875
1 0.59296875 0.13125 0.03984375 0.053125
1 0.521875 0.0453125 0.090625 0.025
1 0.37265625 0.0890625 0.04609375 0.0453125
1 0.4484375 0.175 0.07890625 0.02890625
1 0.16640625 0.1875 0.08984375 0.0296875
1 0.04765625 0.12734375 0.046875 0.0453125
1 0.27421875 0.1140625 0.046875 0.0515625
1 0.14296875 0.05390625 0.09921875 0.0296875
1 0.128125 0.25625 0.0765625 0.0296875
1 0.0671875 0.340625 0.0484375 0.04765625
1 0.27421875 0.29609375 0.0625 0.0484375
1 0.21328125 0.378125 0.0890625 0.03515625
1 0.375 0.3203125 0.0484375 0.04921875
1 0.46015625 0.24140625 0.08046875 0.03203125
1 0.58984375 0.29140625 0.05546875 0.05
1 0.509375 0.36796875 0.08359375 0.03203125
1 0.69453125 0.33125 0.05234375 0.0453125
1 0.746875 0.25078125 0.07734375 0.0375
1 0.9 0.27890625 0.0625 0.04921875
1 0.84375 0.365625 0.08203125 0.03359375
1 0.0890625 0.45078125 0.07578125 0.03984375
1 0.07890625 0.53828125 0.06484375 0.0375
1 0.24296875 0.5453125 0.0734375 0.03828125
1 0.246875 0.45703125 0.07265625 0.03671875
1 0.45625 0.428125 0.08203125 0.0265625
1 0.378125 0.50078125 0.05390625 0.04921875
1 0.50546875 0.546875 0.07421875 0.021875
1 0.58359375 0.47265625 0.0484375 0.04375
1 0.71640625 0.44140625 0.06328125 0.0375
1 0.875 0.440625 0.0625 0.034375
1 0.715625 0.528125 0.06953125 0.0359375
1 0.87421875 0.528125 0.06640625 0.03671875
1 0.1 0.62734375 0.07421875 0.0375
1 0.26171875 0.628125 0.06015625 0.03515625
1 0.25546875 0.71640625 0.05625 0.0375
1 0.10234375 0.71484375 0.06875 0.03828125
1 0.378125 0.64921875 0.0375 0.046875
1 0.49609375 0.59375 0.09375 0.02734375
1 0.5953125 0.665625 0.0359375 0.04609375
1 0.4734375 0.715625 0.08046875 0.02109375
1 0.67734375 0.6609375 0.04296875 0.04921875
1 0.778125 0.59609375 0.07734375 0.0265625
1 0.8953125 0.64921875 0.0296875 0.04765625
1 0.7953125 0.7109375 0.08203125 0.0265625
1 0.79453125 0.76328125 0.07421875 0.02265625
1 0.90234375 0.825 0.0390625 0.0390625
1 0.7953125 0.88125 0.084375 0.02265625
1 0.69296875 0.82421875 0.053125 0.0515625
1 0.55234375 0.7765625 0.0765625 0.028125
1 0.4046875 0.7984375 0.0546875 0.04609375
1 0.44375 0.8796875 0.084375 0.03359375
1 0.5875 0.85859375 0.04375 0.0375
1 0.18203125 0.78046875 0.08203125 0.028125
1 0.08671875 0.84921875 0.034375 0.04921875
1 0.21015625 0.896875 0.075 0.02578125
1 0.29921875 0.83203125 0.04765625 0.046875