0 0.1796875 0.0796875 0.0375 0.04453125
0 0.21953125 0.3765625 0.0390625 0.05234375
0 0.38515625 0.0890625 0.0375 0.04375
0 0.87265625 0.078125 0.04296875 0.0328125
0 0.253125 0.13828125 0.02734375 0.06875
0 0.30703125 0.1484375 0.025 0.0671875
0 0.21875 0.26953125 0.0390625 0.0484375
0 0.73515625 0.1 0.03828125 0.0625
0 0.15 0.66484375 0.03984375 0.05625
0 0.33828125 0.28125 0.0390625 0.0421875
0 0.35 0.37265625 0.0390625 0.03125
0 0.2328125 0.70234375 0.03203125 0.06484375
0 0.1390625 0.40390625 0.03125 0.06640625
0 0.14453125 0.2125 0.02421875 0.0671875
0 0.74453125 0.25 0.034375 0.06875
0 0.34765625 0.66796875 0.0390625 0.03046875
0 0.15234375 0.553125 0.0359375 0.04921875
0 0.66484375 0.68359375 0.03671875 0.04921875
0 0.88828125 0.3890625 0.04140625 0.0421875
0 0.58359375 0.20859375 0.02109375 0.071875
0 0.415625 0.228125 0.0234375 0.06796875
0 0.3546875 0.5828125 0.0390625 0.03125
0 0.4640625 0.44140625 0.0234375 0.06640625
0 0.540625 0.08046875 0.03828125 0.0359375
0 0.69296875 0.375 0.0359375 0.02734375
0 0.82734375 0.72109375 0.0359375 0.0640625
0 0.2921875 0.48203125 0.0171875 0.06796875
0 0.54140625 0.37734375 0.04140625 0.04765625
0 0.12734375 0.81796875 0.028125 0.0671875
0 0.878125 0.2953125 0.04375 0.0359375
0 0.75078125 0.74765625 0.0296875 0.0734375
0 0.940625 0.1859375 0.01953125 0.0734375
0 0.81328125 0.1890625 0.0203125 0.06875
0 0.40703125 0.775 0.01875 0.06796875
0 0.209375 0.85234375 0.03671875 0.05546875
0 0.9171875 0.72734375 0.03828125 0.06328125
0 0.46953125 0.1625 0.01953125 0.07265625
0 0.91640625 0.89140625 0.0375 0.06015625
0 0.8078125 0.46015625 0.02109375 0.06953125
0 0.5109375 0.2890625 0.03828125 0.03984375
0 0.7171875 0.89609375 0.03984375 0.05234375
0 0.68515625 0.59296875 0.0375 0.0296875
0 0.7546875 0.4890625 0.0171875 0.0703125
0 0.8484375 0.59765625 0.04296875 0.0359375
0 0.28515625 0.77578125 0.0171875 0.0703125
0 0.4109375 0.4703125 0.01875 0.0703125
0 0.346875 0.8875 0.03984375 0.03046875
0 0.82421875 0.88046875 0.0390625 0.065625
0 0.93203125 0.5296875 0.02421875 0.071875
0 0.546875 0.67890625 0.04140625 0.05078125
0 0.57578125 0.51796875 0.02734375 0.071875
0 0.23671875 0.5203125 0.0296875 0.06796875
0 0.4875 0.87578125 0.0390625 0.0546875
0 0.4984375 0.5734375 0.0390625 0.04140625
0 0.628125 0.47421875 0.01796875 0.075
0 0.6203125 0.74765625 0.01328125 0.034375
0 0.4640625 0.7234375 0.03046875 0.0765625
0 0.63046875 0.82578125 0.028125 0.078125
0 0.571875 0.83359375 0.03125 0.0796875
0 0.17578125 0.28828125 0.01328125 0.0171875