0 0.1921875 0.196875 0.03984375 0.0578125
0 0.1625 0.33046875 0.028125 0.071875
0 0.234375 0.3875 0.03671875 0.0515625
0 0.2609375 0.2546875 0.03828125 0.0765625
0 0.31875 0.2671875 0.03125 0.07578125
0 0.39140625 0.2125 0.0484375 0.046875
0 0.42421875 0.34921875 0.025 0.07265625
0 0.3484375 0.40625 0.04375 0.04375
0 0.47578125 0.2921875 0.021875 0.08046875
0 0.546875 0.20859375 0.04453125 0.0390625
0 0.59140625 0.33828125 0.015625 0.08359375
0 0.51953125 0.41640625 0.040625 0.040625
0 0.54453125 0.509375 0.04453125 0.0453125
0 0.4703125 0.57109375 0.02578125 0.07734375
0 0.50546875 0.70234375 0.0421875 0.05
0 0.57890625 0.6421875 0.0265625 0.0765625
0 0.35703125 0.496875 0.04765625 0.03984375
0 0.30546875 0.60546875 0.01875 0.08359375
0 0.3671875 0.7 0.0421875 0.03671875
0 0.41875 0.5921875 0.025 0.08203125
0 0.25234375 0.63359375 0.0296875 0.0703125
0 0.1765625 0.6609375 0.0421875 0.0546875
0 0.159375 0.515625 0.0328125 0.071875
0 0.2375 0.49140625 0.0453125 0.0578125
0 0.1703125 0.7703125 0.04453125 0.0609375
0 0.15703125 0.90546875 0.034375 0.06953125
0 0.2328125 0.94375 0.03359375 0.0515625
0 0.25 0.80625 0.03046875 0.07109375
0 0.35625 0.78046875 0.03828125 0.0390625
0 0.3015625 0.88125 0.021875 0.0796875
0 0.35703125 0.98203125 0.04296875 0.0359375
0 0.41484375 0.884375 0.0203125 0.09453125
0 0.46875 0.84140625 0.02890625 0.07734375
0 0.49375 0.97734375 0.04140625 0.04453125
0 0.57109375 0.946875 0.028125 0.06875
0 0.5484375 0.80703125 0.0421875 0.05625
0 0.91484375 0.88203125 0.04453125 0.07578125
0 0.82421875 0.8703125 0.04609375 0.0765625
0 0.74609375 0.88046875 0.03203125 0.08671875
0 0.66640625 0.8171875 0.05078125 0.0578125
0 0.6359375 0.95703125 0.03515625 0.08515625
0 0.9375 0.684375 0.0265625 0.08203125
0 0.85078125 0.74453125 0.05078125 0.05390625
0 0.8109375 0.60390625 0.0296875 0.08125
0 0.75859375 0.63359375 0.02421875 0.084375
0 0.68828125 0.7234375 0.0515625 0.0421875
0 0.63125 0.6109375 0.02890625 0.0828125
0 0.6984375 0.51015625 0.05390625 0.02890625
0 0.8984375 0.5375 0.04609375 0.04765625
0 0.96328125 0.334375 0.0265625 0.09375
0 0.890625 0.2203125 0.059375 0.03828125
0 0.83203125 0.321875 0.0328125 0.10859375
0 0.890625 0.440625 0.06484375 0.0421875
0 0.75546875 0.3859375 0.03828125 0.078125
0 0.665625 0.39921875 0.04609375 0.07421875
0 0.75078125 0.2328125 0.04375 0.06953125
0 0.6578125 0.25234375 0.03203125 0.07890625