1 0.16328125 0.06171875 0.08515625 0.021875
1 0.05703125 0.13359375 0.0265625 0.04453125
1 0.2859375 0.121875 0.0375 0.04921875
1 0.18125 0.1875 0.07890625 0.0234375
1 0.38515625 0.09453125 0.05234375 0.0375
1 0.5234375 0.0578125 0.0828125 0.02734375
1 0.45 0.17421875 0.07734375 0.02578125
1 0.5984375 0.13828125 0.046875 0.05078125
1 0.73125 0.07890625 0.06015625 0.0359375
1 0.71875 0.165625 0.06484375 0.0359375
1 0.8828125 0.084375 0.06796875 0.04375
1 0.88203125 0.17265625 0.05625 0.0421875
1 0.128125 0.2546875 0.0796875 0.02890625
1 0.06328125 0.33515625 0.04140625 0.040625
1 0.2828125 0.29140625 0.053125 0.04921875
1 0.21015625 0.37421875 0.0671875 0.03125
1 0.3796875 0.3125 0.0390625 0.03828125
1 0.46484375 0.2390625 0.07421875 0.025
1 0.5109375 0.3640625 0.08203125 0.0296875
1 0.59921875 0.28984375 0.05546875 0.05
1 0.7 0.33046875 0.05859375 0.04609375
1 0.75859375 0.246875 0.0765625 0.0296875
1 0.90703125 0.27734375 0.0578125 0.04765625
1 0.85078125 0.36328125 0.0859375 0.034375
1 0.246875 0.45625 0.07109375 0.03671875
1 0.07890625 0.44765625 0.06875 0.03828125
1 0.06484375 0.5390625 0.06328125 0.040625
1 0.23203125 0.54609375 0.07578125 0.03828125
1 0.3734375 0.49609375 0.0546875 0.05
1 0.45859375 0.42265625 0.08125 0.028125
1 0.58984375 0.4734375 0.0515625 0.04453125
1 0.51171875 0.54453125 0.08203125 0.03515625
1 0.7328125 0.4359375 0.0625 0.0390625
1 0.72421875 0.5234375 0.07734375 0.04296875
1 0.8890625 0.52890625 0.08515625 0.03671875
1 0.89296875 0.43828125 0.07109375 0.03671875
1 0.08359375 0.63125 0.07265625 0.03984375
1 0.071875 0.7265625 0.06796875 0.0390625
1 0.25546875 0.6359375 0.06875 0.03515625
1 0.23671875 0.73125 0.05546875 0.03671875
1 0.371875 0.6578125 0.04296875 0.04609375
1 0.49921875 0.6 0.0890625 0.0203125
1 0.6015625 0.67265625 0.040625 0.0453125
1 0.4734375 0.73046875 0.0796875 0.02265625
1 0.79609375 0.5984375 0.07734375 0.028125
1 0.69765625 0.66953125 0.053125 0.05078125
1 0.9234375 0.65703125 0.04453125 0.04765625
1 0.82109375 0.728125 0.0875 0.02421875
1 0.159375 0.80390625 0.08203125 0.0265625
1 0.046875 0.8796875 0.03671875 0.05234375
1 0.284375 0.8640625 0.04375 0.04765625
1 0.18046875 0.93671875 0.07734375 0.0234375
1 0.39453125 0.82265625 0.05859375 0.0484375
1 0.559375 0.79609375 0.0734375 0.0328125
1 0.43515625 0.91640625 0.078125 0.0359375
1 0.59453125 0.8921875 0.0609375 0.0421875
1 0.71328125 0.85390625 0.0453125 0.05546875
1 0.82109375 0.7828125 0.0890625 0.0265625
1 0.94453125 0.85234375 0.0421875 0.04609375
1 0.8265625 0.9203125 0.09296875 0.0234375