1 0.2015625 0.08515625 0.07421875 0.01953125
1 0.11015625 0.15234375 0.03828125 0.03828125
1 0.30546875 0.13515625 0.034375 0.0453125
1 0.21171875 0.19921875 0.06171875 0.0265625
1 0.39296875 0.1078125 0.04375 0.0390625
1 0.53125 0.06640625 0.07421875 0.02421875
1 0.4546875 0.18046875 0.06484375 0.01796875
1 0.59453125 0.13984375 0.04140625 0.04609375
1 0.72578125 0.078125 0.0578125 0.03125
1 0.88515625 0.075 0.06484375 0.0359375
1 0.71484375 0.16328125 0.06328125 0.028125
1 0.8765625 0.1625 0.05859375 0.040625
1 0.16484375 0.26015625 0.06796875 0.0234375
1 0.10703125 0.3375 0.04609375 0.0375
1 0.2890625 0.29296875 0.06171875 0.0390625
1 0.23203125 0.36953125 0.06015625 0.0296875
1 0.384375 0.31328125 0.0375 0.03828125
1 0.46640625 0.2421875 0.071875 0.02421875
1 0.50390625 0.3578125 0.06328125 0.02578125
1 0.5859375 0.28359375 0.05 0.0484375
1 0.74765625 0.240625 0.075 0.0296875
1 0.90078125 0.2671875 0.0578125 0.0453125
1 0.6890625 0.325 0.04921875 0.0375
1 0.84140625 0.35390625 0.0734375 0.0328125
1 0.1125 0.43515625 0.0609375 0.0328125
1 0.25546875 0.44296875 0.06171875 0.03515625
1 0.09609375 0.51875 0.05078125 0.0328125
1 0.23984375 0.52734375 0.05234375 0.034375
1 0.3734375 0.4875 0.03984375 0.04140625
1 0.45078125 0.41640625 0.07578125 0.02734375
1 0.575 0.459375 0.04609375 0.04375
1 0.49453125 0.53359375 0.0703125 0.02421875
1 0.71328125 0.42890625 0.0578125 0.0375
1 0.87734375 0.42890625 0.06796875 0.0375
1 0.70546875 0.51640625 0.0671875 0.0328125
1 0.8703125 0.52109375 0.06484375 0.0390625
1 0.14960583593750001 0.5935213234375001 0.1347073171875 0.5812946078125 0.090632621875 0.5977133578125 0.0720093640625 0.6085427703125 0.075734103125 0.6200708328125 0.09746101874999999 0.6221669125 0.14960583593750001 0.5935213234375001
1 0.25546875 0.6125 0.06484375 0.0328125
1 0.09296875 0.68984375 0.053125 0.0359375
1 0.2375 0.69765625 0.05390625 0.0328125
1 0.3640625 0.6359375 0.03203125 0.0453125
1 0.48046875 0.5828125 0.08359375 0.02109375
1 0.4515625 0.7078125 0.07109375 0.021875
1 0.56953125 0.65390625 0.034375 0.0453125
1 0.76875 0.5875 0.0890625 0.0234375
1 0.665625 0.6546875 0.03984375 0.046875
1 0.9 0.65 0.0390625 0.04296875
1 0.79296875 0.71796875 0.07421875 0.01953125
1 0.1625 0.7625 0.07421875 0.0234375
1 0.0671875 0.82734375 0.0375 0.04765625
1 0.17734375 0.8890625 0.075 0.01953125
1 0.27109375 0.82265625 0.04375 0.04296875
1 0.3734375 0.790625 0.05625 0.04375
1 0.52734375 0.77265625 0.07265625 0.03203125
1 0.4078125 0.88046875 0.065625 0.0359375
1 0.5609375 0.86640625 0.0453125 0.03984375
1 0.7859375 0.77265625 0.084375 0.02109375
1 0.67421875 0.83515625 0.03984375 0.053125
1 0.78671875 0.90859375 0.08046875 0.02265625
1 0.9109375 0.8453125 0.03515625 0.04453125