1 0.253125 0.0734375 0.07109375 0.02421875
1 0.1515625 0.13125 0.04375 0.0453125
1 0.26796875 0.18984375 0.08046875 0.025
1 0.3640625 0.13359375 0.04140625 0.04609375
1 0.45546875 0.1203125 0.0390625 0.03828125
1 0.58203125 0.09453125 0.06875 0.03046875
1 0.5203125 0.19765625 0.071875 0.0265625
1 0.64453125 0.1671875 0.0375 0.03984375
1 0.75234375 0.1296875 0.04921875 0.03046875
1 0.75 0.20234375 0.05859375 0.03046875
1 0.8796875 0.2125 0.05234375 0.03359375
1 0.8765625 0.1390625 0.05546875 0.03515625
1 0.21640625 0.25078125 0.07578125 0.02265625
1 0.14765625 0.325 0.0484375 0.0421875
1 0.29375 0.36640625 0.07109375 0.0296875
1 0.353125 0.2921875 0.0578125 0.04375
1 0.453125 0.31953125 0.0484375 0.04296875
1 0.52421875 0.25546875 0.075 0.02265625
1 0.5703125 0.3671875 0.0703125 0.02734375
1 0.63984375 0.3015625 0.046875 0.03984375
1 0.775 0.2734375 0.06484375 0.0234375
1 0.73125 0.3453125 0.05 0.0375
1 0.85625 0.3765625 0.06328125 0.03046875
1 0.89609375 0.3046875 0.0484375 0.040625
1 0.1640625 0.43203125 0.0671875 0.03515625
1 0.14453125 0.5203125 0.06640625 0.03671875
1 0.3046875 0.52890625 0.05703125 0.034375
1 0.31953125 0.44296875 0.065625 0.0375
1 0.44453125 0.48984375 0.04609375 0.0421875
1 0.51796875 0.42109375 0.06953125 0.0234375
1 0.5640625 0.5328125 0.065625 0.02421875
1 0.63515625 0.465625 0.04296875 0.04296875
1 0.75234375 0.43828125 0.053125 0.03046875
1 0.753125 0.5171875 0.06328125 0.03203125
1 0.8890625 0.51875 0.05390625 0.03515625
1 0.884375 0.440625 0.05546875 0.03359375
1 0.1609375 0.6109375 0.06640625 0.03828125
1 0.1484375 0.70703125 0.0625 0.03828125
1 0.31328125 0.7046875 0.06015625 0.0359375
1 0.3265625 0.61484375 0.06484375 0.0328125
1 0.55 0.58125 0.0765625 0.01875
1 0.4375 0.6390625 0.0375 0.04765625
1 0.53046875 0.7046875 0.08515625 0.01953125
1 0.6421875 0.64921875 0.03359375 0.04375
1 0.725 0.64296875 0.03984375 0.04375
1 0.80703125 0.58125 0.06953125 0.02421875
1 0.83203125 0.69609375 0.0703125 0.0234375
1 0.91015625 0.63046875 0.034375 0.04296875
1 0.23125 0.77734375 0.0796875 0.02734375
1 0.12265625 0.85703125 0.04375 0.05234375
1 0.25078125 0.91015625 0.07265625 0.02890625
1 0.3546875 0.8328125 0.0375 0.04296875
1 0.45859375 0.78828125 0.05390625 0.04609375
1 0.6046875 0.7625 0.07265625 0.02734375
1 0.49765625 0.87734375 0.0734375 0.03046875
1 0.640625 0.84921875 0.05078125 0.03984375
1 0.73671875 0.80546875 0.03515625 0.04375
1 0.8359375 0.86484375 0.07109375 0.015625
1 0.928125 0.8 0.0296875 0.03828125
1 0.82890625 0.7421875 0.065625 0.0203125