1 0.30546875 0.0734375 0.06484375 0.03828125
1 0.14609375 0.07421875 0.0703125 0.034375
1 0.146875 0.1609375 0.06796875 0.0328125
1 0.3015625 0.1609375 0.0546875 0.03984375
1 0.4828125 0.05625 0.065625 0.0234375
1 0.43515625 0.13984375 0.04921875 0.03515625
1 0.58515625 0.16640625 0.07109375 0.03515625
1 0.6296875 0.0828125 0.0578125 0.0421875
1 0.8828125 0.0546875 0.06796875 0.02734375
1 0.73828125 0.08828125 0.04140625 0.0375
1 0.79453125 0.16875 0.0734375 0.02109375
1 0.94140625 0.13515625 0.0453125 0.04765625
1 0.9421875 0.2484375 0.0546875 0.03828125
1 0.7890625 0.23359375 0.065625 0.03359375
1 0.75703125 0.31953125 0.05625 0.03515625
1 0.9140625 0.3359375 0.06640625 0.03671875
1 0.59609375 0.23046875 0.0703125 0.0296875
1 0.4453125 0.2546875 0.0484375 0.03828125
1 0.4859375 0.33828125 0.06875 0.025
1 0.63828125 0.31484375 0.0453125 0.04296875
1 0.31640625 0.24609375 0.06796875 0.0390625
1 0.1625 0.2453125 0.06171875 0.0359375
1 0.1578125 0.33203125 0.0625 0.0328125
1 0.3140625 0.33515625 0.05859375 0.03984375
1 0.31796875 0.425 0.06171875 0.03671875
1 0.1609375 0.41484375 0.0671875 0.0359375
1 0.1421875 0.5015625 0.0625 0.03828125
1 0.29921875 0.51015625 0.06171875 0.0359375
1 0.52578125 0.39609375 0.07421875 0.01875
1 0.42890625 0.46015625 0.0328125 0.0390625
1 0.640625 0.45234375 0.0390625 0.04140625
1 0.54375 0.51796875 0.0765625 0.015625
1 0.53359375 0.565625 0.07265625 0.01640625
1 0.1703125 0.58359375 0.07109375 0.0359375
1 0.32109375 0.60078125 0.059375 0.03828125
1 0.1328125 0.66875 0.05390625 0.03828125
1 0.2859375 0.68671875 0.0609375 0.03125
1 0.42734375 0.625 0.0359375 0.0453125
1 0.5328125 0.68984375 0.078125 0.0203125
1 0.6375 0.628125 0.03671875 0.0421875
1 0.25078125 0.75078125 0.078125 0.021875
1 0.10625 0.79375 0.03984375 0.046875
1 0.184375 0.87265625 0.07578125 0.025
1 0.31953125 0.8328125 0.03515625 0.03984375
1 0.54296875 0.7390625 0.071875 0.01875
1 0.42890625 0.8 0.03125 0.0453125
1 0.52734375 0.86875 0.07578125 0.0234375
1 0.6453125 0.80859375 0.03046875 0.04140625
1 0.94453125 0.77578125 0.05703125 0.0359375
1 0.909375 0.8609375 0.07109375 0.03359375
1 0.75703125 0.8421875 0.06484375 0.0453125
1 0.7875 0.75390625 0.06875 0.03984375
1 0.79921875 0.4 0.07421875 0.0296875
1 0.94296875 0.434375 0.05625 0.04140625
1 0.7375 0.47890625 0.0578125 0.0421875
1 0.88125 0.51484375 0.071875 0.03046875
1 0.78515625 0.575 0.0703125 0.03671875
1 0.940625 0.59765625 0.0578125 0.040625
1 0.90546875 0.68203125 0.07578125 0.0359375
1 0.7515625 0.66171875 0.0625 0.0390625