0 0.21484375 0.284375 0.02578125 0.06640625
0 0.15078125 0.23828125 0.040625 0.05234375
0 0.12890625 0.35703125 0.02421875 0.071875
0 0.19375 0.40859375 0.03828125 0.04609375
0 0.32734375 0.23203125 0.04453125 0.04140625
0 0.2625 0.29296875 0.03046875 0.078125
0 0.296875 0.41328125 0.0390625 0.06015625
0 0.359375 0.36015625 0.0234375 0.07109375
0 0.40703125 0.30078125 0.0328125 0.08828125
0 0.46796875 0.2203125 0.05234375 0.04453125
0 0.5109375 0.33671875 0.0265625 0.08046875
0 0.44609375 0.40859375 0.04609375 0.040625
0 0.57265625 0.246875 0.034375 0.07109375
0 0.65546875 0.22578125 0.040625 0.06171875
0 0.66171875 0.37265625 0.034375 0.075
0 0.58046875 0.39453125 0.04140625 0.05625
0 0.7328125 0.31640625 0.02421875 0.08359375
0 0.7953125 0.2 0.05234375 0.040625
0 0.86328125 0.30234375 0.02265625 0.1
0 0.796875 0.41640625 0.04765625 0.0359375
0 0.19140625 0.503125 0.03671875 0.04375
0 0.1265625 0.5328125 0.0265625 0.0640625
0 0.14765625 0.66015625 0.034375 0.05234375
0 0.209375 0.63125 0.02734375 0.0609375
0 0.3 0.5015625 0.04453125 0.03828125
0 0.25703125 0.60078125 0.0171875 0.075
0 0.3125 0.6890625 0.03984375 0.040625
0 0.3578125 0.5890625 0.01953125 0.078125
0 0.4046875 0.56328125 0.0203125 0.07734375
0 0.4734375 0.50390625 0.04609375 0.04453125
0 0.43828125 0.68671875 0.03515625 0.04375
0 0.50546875 0.62421875 0.028125 0.07109375
0 0.55390625 0.6 0.02421875 0.08046875
0 0.61484375 0.4984375 0.04453125 0.03671875
0 0.6703125 0.60859375 0.02265625 0.0765625
0 0.609375 0.7015625 0.04765625 0.03828125
0 0.72578125 0.58046875 0.02578125 0.08046875
0 0.80625 0.51484375 0.05 0.05234375
0 0.85 0.6546875 0.02421875 0.08046875
0 0.76171875 0.71875 0.05234375 0.05859375
0 0.83203125 0.8484375 0.0421875 0.07421875
0 0.74140625 0.83359375 0.03984375 0.06640625
0 0.66953125 0.85546875 0.0328125 0.07734375
0 0.5890625 0.79296875 0.04765625 0.05625
0 0.5609375 0.9234375 0.034375 0.08046875
0 0.48046875 0.78671875 0.04375 0.04921875
0 0.50390625 0.91875 0.02734375 0.078125
0 0.43203125 0.959375 0.0421875 0.0546875
0 0.4078125 0.8265625 0.0296875 0.0765625
0 0.35546875 0.85859375 0.02421875 0.07109375
0 0.30390625 0.76640625 0.046875 0.03515625
0 0.25625 0.86015625 0.01875 0.078125
0 0.3125 0.9609375 0.0375 0.03125
0 0.19765625 0.915625 0.0328125 0.05625
0 0.13203125 0.8859375 0.0296875 0.06875
0 0.14375 0.7609375 0.03671875 0.0609375
0 0.21171875 0.79453125 0.0296875 0.05546875