0 0.24609375 0.25625 0.03828125 0.05
0 0.31640625 0.72890625 0.01640625 0.06953125
0 0.246875 0.3546875 0.03515625 0.046875
0 0.31796875 0.44921875 0.0171875 0.0640625
0 0.39765625 0.0796875 0.03515625 0.0375
0 0.53984375 0.06171875 0.0359375 0.03203125
0 0.3703125 0.3421875 0.03671875 0.03203125
0 0.846875 0.03671875 0.03828125 0.03125
0 0.83125 0.78125 0.03984375 0.06171875
0 0.6921875 0.5203125 0.03828125 0.02734375
0 0.37890625 0.5390625 0.0375 0.0328125
0 0.43203125 0.7171875 0.01953125 0.071875
0 0.7234375 0.0640625 0.034375 0.05078125
0 0.7359375 0.19921875 0.02734375 0.065625
0 0.2421875 0.809375 0.03515625 0.05703125
0 0.20625 0.08515625 0.03515625 0.0421875
0 0.37421875 0.61796875 0.03828125 0.0296875
0 0.43046875 0.43125 0.01875 0.0625
0 0.69296875 0.3171875 0.03671875 0.02734375
0 0.1703125 0.38984375 0.02890625 0.0609375
0 0.9203125 0.784375 0.03359375 0.05859375
0 0.828125 0.62890625 0.03359375 0.0640625
0 0.73125 0.80625 0.0375 0.04765625
0 0.43046875 0.2046875 0.021875 0.0625
0 0.9140625 0.63125 0.034375 0.0578125
0 0.32578125 0.140625 0.021875 0.0640625
0 0.753125 0.4171875 0.0171875 0.065625
0 0.5625 0.61328125 0.03828125 0.04921875
0 0.64296875 0.08515625 0.0265625 0.05859375
0 0.1640625 0.78125 0.02890625 0.06171875
0 0.47734375 0.14140625 0.0171875 0.065625
0 0.2765625 0.1328125 0.02578125 0.0625
0 0.3578125 0.26171875 0.03515625 0.0375
0 0.26328125 0.6640625 0.03203125 0.06328125
0 0.48125 0.396875 0.0234375 0.06640625
0 0.26484375 0.49296875 0.02734375 0.0625
0 0.59140625 0.7578125 0.0296875 0.07265625
0 0.80078125 0.38828125 0.01875 0.07109375
0 0.17578125 0.2109375 0.02421875 0.06015625
0 0.58671875 0.17421875 0.0203125 0.0640625
0 0.51328125 0.51953125 0.0359375 0.03828125
0 0.67421875 0.609375 0.0359375 0.0484375
0 0.91328125 0.128125 0.01796875 0.0671875
0 0.91953125 0.440625 0.01953125 0.065625
0 0.3765625 0.83046875 0.040625 0.0359375
0 0.86015625 0.23046875 0.03984375 0.03515625
0 0.64765625 0.74765625 0.02890625 0.06875
0 0.54765625 0.33359375 0.03984375 0.040625
0 0.79453125 0.14296875 0.0203125 0.06484375
0 0.84296875 0.51328125 0.03984375 0.0328125
0 0.51171875 0.80546875 0.0390625 0.0546875
0 0.52109375 0.25078125 0.0390625 0.0296875
0 0.1859375 0.525 0.03359375 0.04296875
0 0.7578125 0.659375 0.02890625 0.065625
0 0.48515625 0.665625 0.028125 0.0703125
0 0.8734375 0.31484375 0.040625 0.0359375
0 0.6515625 0.2171875 0.03046875 0.04375
0 0.184375 0.63671875 0.03671875 0.0546875
0 0.58671875 0.45859375 0.0234375 0.06796875
0 0.63359375 0.41484375 0.01796875 0.06796875