0 0.21171875 0.09375 0.0359375 0.0453125
0 0.17890625 0.21875 0.021875 0.06484375
0 0.24609375 0.2703125 0.0375 0.0453125
0 0.2765625 0.14453125 0.03125 0.06640625
0 0.3265625 0.16015625 0.02578125 0.0734375
0 0.3984375 0.1015625 0.0375 0.04140625
0 0.428125 0.2296875 0.02109375 0.07109375
0 0.35625 0.2875 0.0390625 0.03984375
0 0.16640625 0.39609375 0.02734375 0.0609375
0 0.17890625 0.53359375 0.03515625 0.0484375
0 0.2546875 0.50546875 0.028125 0.06484375
0 0.240625 0.365625 0.0390625 0.04921875
0 0.3078125 0.47421875 0.01640625 0.06875
0 0.36171875 0.37265625 0.03984375 0.03359375
0 0.4171875 0.46171875 0.021875 0.07109375
0 0.36640625 0.56640625 0.04140625 0.03125
0 0.17109375 0.64296875 0.0390625 0.053125
0 0.24609375 0.6734375 0.02890625 0.0734375
0 0.14921875 0.7875 0.028125 0.0703125
0 0.2234375 0.82109375 0.03515625 0.05390625
0 0.3546875 0.64921875 0.040625 0.03203125
0 0.29609375 0.75546875 0.01796875 0.075
0 0.35234375 0.859375 0.03984375 0.03359375
0 0.409375 0.7515625 0.02109375 0.07890625
0 0.54453125 0.09375 0.04375 0.0421875
0 0.47890625 0.17578125 0.0203125 0.07734375
0 0.5203125 0.2921875 0.04296875 0.03828125
0 0.58828125 0.2140625 0.021875 0.07734375
0 0.65 0.13359375 0.03359375 0.06875
0 0.6578125 0.27421875 0.040625 0.06015625
0 0.74375 0.25390625 0.03125 0.06953125
0 0.73515625 0.1078125 0.03984375 0.05234375
0 0.8703125 0.0953125 0.04296875 0.034375
0 0.81171875 0.20234375 0.0203125 0.07421875
0 0.87734375 0.3015625 0.0453125 0.03515625
0 0.93828125 0.1921875 0.01875 0.08125
0 0.69296875 0.37578125 0.04453125 0.02421875
0 0.54296875 0.37578125 0.040625 0.046875
0 0.46953125 0.440625 0.0234375 0.07421875
0 0.5046875 0.5703125 0.0390625 0.04296875
0 0.57890625 0.50546875 0.0234375 0.07578125
0 0.62890625 0.475 0.01796875 0.07578125
0 0.74921875 0.4859375 0.0203125 0.07890625
0 0.68515625 0.58515625 0.0484375 0.03515625
0 0.80546875 0.459375 0.02421875 0.0765625
0 0.8859375 0.39453125 0.04921875 0.04921875
0 0.846875 0.603125 0.0453125 0.05
0 0.93046875 0.534375 0.03046875 0.07890625
0 0.46484375 0.71328125 0.0265625 0.07265625
0 0.490625 0.86015625 0.04375 0.05078125
0 0.57109375 0.8125 0.0265625 0.08515625
0 0.54296875 0.66796875 0.04296875 0.04921875
0 0.6296875 0.82421875 0.02890625 0.084375
0 0.66171875 0.68203125 0.046875 0.0546875
0 0.71484375 0.8875 0.0421875 0.05390625
0 0.74453125 0.73671875 0.0296875 0.08203125
0 0.82265625 0.7203125 0.0375 0.065625
0 0.82265625 0.88203125 0.0421875 0.0734375
0 0.91640625 0.8953125 0.0359375 0.06640625
0 0.915625 0.73203125 0.040625 0.06328125