0 0.54453125 0.6921875 0.04375 0.0578125
0 0.253125 0.59296875 0.03671875 0.0296875
0 0.284375 0.12734375 0.0359375 0.03828125
0 0.2421875 0.31015625 0.034375 0.0359375
0 0.25078125 0.3921875 0.0390625 0.028125
0 0.2453125 0.671875 0.0359375 0.0265625
0 0.13359375 0.3984375 0.0359375 0.046875
0 0.29921875 0.7734375 0.0171875 0.06640625
0 0.1 0.1265625 0.034375 0.0421875
0 0.1984375 0.49765625 0.01640625 0.0625
0 0.4296875 0.4 0.0375 0.03828125
0 0.0703125 0.66640625 0.03359375 0.04765625
0 0.121875 0.83984375 0.0328125 0.05078125
0 0.140625 0.703125 0.03046875 0.06171875
0 0.165625 0.17578125 0.02578125 0.06171875
0 0.36171875 0.1953125 0.01953125 0.06484375
0 0.13515625 0.29921875 0.03515625 0.0453125
0 0.05234375 0.8046875 0.0265625 0.0625
0 0.2140625 0.18671875 0.0234375 0.06328125
0 0.30625 0.4890625 0.01796875 0.0640625
0 0.47109375 0.2359375 0.01640625 0.06640625
0 0.0703125 0.25078125 0.02109375 0.0609375
0 0.74765625 0.10546875 0.03984375 0.03203125
0 0.3125 0.25625 0.01953125 0.06328125
0 0.6203125 0.27890625 0.0359375 0.06953125
0 0.5734375 0.3953125 0.03671875 0.03203125
0 0.78828125 0.746875 0.0359375 0.06171875
0 0.0625 0.42734375 0.02734375 0.059375
0 0.4296875 0.11484375 0.0359375 0.03203125
0 0.38828125 0.58671875 0.0359375 0.03984375
0 0.51015625 0.49140625 0.01640625 0.07109375
0 0.403125 0.3125 0.0359375 0.03125
0 0.190625 0.771875 0.01640625 0.0640625
0 0.37578125 0.87265625 0.0359375 0.05078125
0 0.8140625 0.20859375 0.01640625 0.071875
0 0.43125 0.68984375 0.040625 0.04921875
0 0.62734375 0.509375 0.015625 0.0671875
0 0.5609375 0.603125 0.040625 0.03125
0 0.5375 0.29140625 0.03671875 0.05703125
0 0.07578125 0.56171875 0.03046875 0.04921875
0 0.46171875 0.53125 0.02578125 0.06796875
0 0.2421875 0.87734375 0.03359375 0.02578125
0 0.45390625 0.82890625 0.0296875 0.07109375
0 0.621875 0.75546875 0.03046875 0.07578125
0 0.715625 0.61015625 0.0390625 0.040625
0 0.146875 0.53046875 0.02578125 0.0640625
0 0.759375 0.4109375 0.0421875 0.0421875
0 0.53359375 0.14765625 0.03828125 0.07109375
0 0.8015625 0.5484375 0.025 0.07109375
0 0.68671875 0.21640625 0.01875 0.075
0 0.6140625 0.13203125 0.03828125 0.06328125
0 0.69453125 0.73046875 0.03671875 0.06328125
0 0.68046875 0.47578125 0.0234375 0.07109375
0 0.51015625 0.828125 0.028125 0.078125
0 0.6921875 0.8859375 0.03671875 0.06640625
0 0.78359375 0.9046875 0.03828125 0.059375
0 0.3578125 0.459375 0.02265625 0.0671875
0 0.353125 0.73046875 0.028125 0.06875
0 0.58828125 0.8953125 0.04296875 0.053125