1 0.91171875 0.11640625 0.065625 0.03984375
1 0.76640625 0.1078125 0.05546875 0.03125
1 0.75390625 0.1890625 0.06953125 0.03359375
1 0.90625 0.1984375 0.0625 0.0375
1 0.64140625 0.15625 0.046875 0.04609375
1 0.56953125 0.078125 0.08046875 0.0265625
1 0.4359375 0.109375 0.040625 0.040625
1 0.50078125 0.190625 0.0796875 0.0265625
1 0.3390625 0.12734375 0.04375 0.05078125
1 0.2171875 0.0671875 0.08828125 0.021875
1 0.1125 0.13125 0.04296875 0.0421875
1 0.2328125 0.18984375 0.0796875 0.0265625
1 0.18046875 0.2546875 0.0765625 0.0265625
1 0.10546875 0.33515625 0.05078125 0.0421875
1 0.25625 0.3765625 0.075 0.03046875
1 0.32421875 0.296875 0.0640625 0.04375
1 0.4265625 0.32109375 0.04375 0.0390625
1 0.51171875 0.2515625 0.0765625 0.021875
1 0.55390625 0.37421875 0.0765625 0.02578125
1 0.63203125 0.30078125 0.0546875 0.046875
1 0.7890625 0.26796875 0.0765625 0.02734375
1 0.734375 0.34609375 0.05859375 0.040625
1 0.92734375 0.3 0.04921875 0.0453125
1 0.878125 0.37890625 0.0734375 0.03203125
1 0.1203125 0.44609375 0.06875 0.03828125
1 0.09765625 0.5375 0.065625 0.03984375
1 0.26796875 0.54609375 0.06328125 0.03671875
1 0.28515625 0.45703125 0.06640625 0.0375
1 0.41796875 0.503125 0.05703125 0.04765625
1 0.4984375 0.43046875 0.0890625 0.02890625
1 0.62421875 0.47890625 0.04765625 0.046875
1 0.54296875 0.5515625 0.08125 0.02578125
1 0.75625 0.53515625 0.06640625 0.034375
1 0.76015625 0.44765625 0.0578125 0.03671875
1 0.909375 0.53828125 0.06171875 0.0359375
1 0.9109375 0.4515625 0.059375 0.034375
1 0.1125 0.6328125 0.0765625 0.040625
1 0.1 0.73046875 0.071875 0.04296875
1 0.2703125 0.73125 0.06640625 0.03671875
1 0.2796875 0.63515625 0.071875 0.03359375
1 0.41015625 0.66015625 0.0421875 0.04765625
1 0.50234375 0.7328125 0.0796875 0.02421875
1 0.53203125 0.603125 0.07890625 0.02421875
1 0.62890625 0.67578125 0.034375 0.0453125
1 0.71875 0.671875 0.046875 0.0484375
1 0.8171875 0.6046875 0.075 0.02578125
1 0.93359375 0.66328125 0.03671875 0.04296875
1 0.83671875 0.73046875 0.08046875 0.02578125
1 0.95 0.85 0.0328125 0.04375
1 0.834375 0.78515625 0.07890625 0.02421875
1 0.72890625 0.85234375 0.046875 0.053125
1 0.840625 0.9140625 0.0828125 0.0203125
1 0.4640625 0.91796875 0.075 0.03671875
1 0.6203125 0.8921875 0.05703125 0.04453125
1 0.58125 0.80078125 0.07890625 0.03125
1 0.42109375 0.82578125 0.06484375 0.0515625
1 0.3109375 0.8640625 0.05078125 0.04375
1 0.1828125 0.80625 0.0890625 0.03046875
1 0.0703125 0.88671875 0.040625 0.05859375
1 0.19921875 0.93984375 0.084375 0.028125