0 0.23515625 0.28828125 0.0375 0.04765625
0 0.165625 0.2359375 0.02265625 0.06484375
0 0.1984375 0.11015625 0.0375 0.04609375
0 0.2671875 0.16328125 0.0296875 0.07109375
0 0.31875 0.17109375 0.02421875 0.06796875
0 0.39140625 0.115625 0.03671875 0.04296875
0 0.421875 0.24609375 0.021875 0.06796875
0 0.35078125 0.3 0.03984375 0.03671875
0 0.5390625 0.10546875 0.03984375 0.040625
0 0.471875 0.18515625 0.01953125 0.071875
0 0.58125 0.225 0.01875 0.07265625
0 0.51484375 0.3015625 0.03828125 0.03046875
0 0.64375 0.13828125 0.03046875 0.06484375
0 0.72578125 0.1203125 0.0375 0.05390625
0 0.65234375 0.28125 0.03984375 0.05546875
0 0.7359375 0.26328125 0.0296875 0.0640625
0 0.85859375 0.0984375 0.03984375 0.03203125
0 0.80078125 0.20625 0.0234375 0.06953125
0 0.86484375 0.30234375 0.04296875 0.03203125
0 0.925 0.19765625 0.02265625 0.06796875
0 0.1578125 0.41796875 0.02890625 0.06640625
0 0.23671875 0.39140625 0.04140625 0.0484375
0 0.25 0.528125 0.02890625 0.07109375
0 0.17265625 0.55703125 0.03828125 0.0484375
0 0.35859375 0.3859375 0.0390625 0.03046875
0 0.3046875 0.49140625 0.01875 0.0671875
0 0.4171875 0.4796875 0.01796875 0.0703125
0 0.3640625 0.5828125 0.0421875 0.0375
0 0.46796875 0.4515625 0.02109375 0.06953125
0 0.54140625 0.38828125 0.03984375 0.0375
0 0.50234375 0.57890625 0.0390625 0.0390625
0 0.575 0.5171875 0.01796875 0.071875
0 0.62578125 0.48046875 0.01640625 0.06875
0 0.68828125 0.3828125 0.04375 0.0265625
0 0.74609375 0.49140625 0.01640625 0.0703125
0 0.68203125 0.590625 0.0421875 0.02578125
0 0.796875 0.45859375 0.02265625 0.0703125
0 0.87578125 0.39453125 0.0421875 0.03671875
0 0.8390625 0.59609375 0.04375 0.0390625
0 0.91953125 0.5296875 0.02265625 0.075
0 0.81796875 0.715625 0.034375 0.06171875
0 0.90703125 0.72421875 0.0390625 0.06171875
0 0.9078125 0.88125 0.03671875 0.065625
0 0.81640625 0.87109375 0.03828125 0.0640625
0 0.6625 0.68203125 0.03984375 0.05
0 0.74296875 0.74140625 0.02890625 0.071875
0 0.63125 0.8234375 0.028125 0.07265625
0 0.7140625 0.8859375 0.04140625 0.05234375
0 0.5453125 0.67734375 0.03828125 0.04296875
0 0.46796875 0.72421875 0.02421875 0.0703125
0 0.49296875 0.86953125 0.03984375 0.04609375
0 0.57265625 0.821875 0.02421875 0.0734375
0 0.35546875 0.66796875 0.0375 0.02734375
0 0.296875 0.77578125 0.0171875 0.06875
0 0.41171875 0.76953125 0.01640625 0.071875
0 0.35546875 0.87890625 0.03828125 0.028125
0 0.1671875 0.66953125 0.0375 0.05234375
0 0.24453125 0.7015625 0.03046875 0.06171875
0 0.22421875 0.846875 0.03671875 0.0546875
0 0.146875 0.8125 0.02890625 0.0640625