1 0.190625 0.09921875 0.07578125 0.02421875
1 0.09765625 0.165625 0.03359375 0.03828125
1 0.3046875 0.15 0.03515625 0.0453125
1 0.20234375 0.215625 0.07421875 0.03046875
1 0.39375 0.12109375 0.0453125 0.03671875
1 0.52578125 0.08203125 0.0828125 0.0296875
1 0.59375 0.15625 0.0484375 0.0484375
1 0.45390625 0.19765625 0.06875 0.02265625
1 0.72578125 0.09609375 0.05625 0.03125
1 0.71953125 0.17890625 0.06328125 0.03125
1 0.88203125 0.1796875 0.05703125 0.04140625
1 0.88515625 0.0953125 0.065625 0.0390625
1 0.16328125 0.2765625 0.06953125 0.0265625
1 0.09609375 0.35390625 0.0390625 0.03671875
1 0.29609375 0.31015625 0.05 0.0421875
1 0.22890625 0.38828125 0.07265625 0.028125
1 0.3859375 0.32890625 0.04296875 0.040625
1 0.46875 0.25625 0.08671875 0.0265625
1 0.596875 0.3015625 0.0484375 0.05078125
1 0.51328125 0.37421875 0.06953125 0.02734375
1 0.7 0.33984375 0.0515625 0.03984375
1 0.753125 0.25625 0.07109375 0.03203125
1 0.90703125 0.28203125 0.0546875 0.04609375
1 0.8515625 0.36875 0.08359375 0.034375
1 0.11015625 0.45625 0.0671875 0.03046875
1 0.09140625 0.5390625 0.05390625 0.0390625
1 0.24375 0.54921875 0.05390625 0.03515625
1 0.259375 0.46328125 0.07109375 0.03828125
1 0.38125 0.50625 0.0515625 0.04453125
1 0.4625 0.4359375 0.08671875 0.02265625
1 0.59296875 0.478125 0.05078125 0.05234375
1 0.5078125 0.55 0.0796875 0.03515625
1 0.7296875 0.4421875 0.06875 0.03828125
1 0.89765625 0.4421875 0.06953125 0.0375
1 0.8953125 0.53203125 0.06171875 0.04296875
1 0.725 0.53046875 0.07265625 0.0359375
1 0.1125 0.62890625 0.07265625 0.03671875
1 0.2609375 0.63515625 0.05703125 0.03203125
1 0.3765625 0.66015625 0.0421875 0.0484375
1 0.5 0.60625 0.08359375 0.021875
1 0.5984375 0.6734375 0.0421875 0.05078125
1 0.47109375 0.73046875 0.08359375 0.025
1 0.2453125 0.7265625 0.06640625 0.0390625
1 0.09453125 0.7171875 0.0640625 0.04140625
1 0.68984375 0.67109375 0.04921875 0.04921875
1 0.7984375 0.60078125 0.08984375 0.0265625
1 0.92578125 0.66484375 0.04375 0.046875
1 0.821875 0.73359375 0.0890625 0.0234375
1 0.17265625 0.79375 0.08125 0.02578125
1 0.0671875 0.865625 0.0421875 0.05390625
1 0.28984375 0.8578125 0.04765625 0.04609375
1 0.18671875 0.9265625 0.0765625 0.0234375
1 0.43671875 0.91484375 0.08125 0.03671875
1 0.59453125 0.896875 0.059375 0.04140625
1 0.55234375 0.8015625 0.07421875 0.0375
1 0.39453125 0.821875 0.05546875 0.05078125
1 0.82578125 0.79140625 0.08125 0.02265625
1 0.70625 0.85625 0.0390625 0.0515625
1 0.82578125 0.93125 0.08984375 0.0296875
1 0.95 0.865625 0.04453125 0.0515625