1 0.17578125 0.071875 0.0921875 0.01953125
1 0.07734375 0.13828125 0.0453125 0.04765625
1 0.296875 0.1234375 0.04921875 0.05
1 0.1859375 0.18828125 0.0828125 0.02421875
1 0.38828125 0.103125 0.0484375 0.0421875
1 0.45546875 0.1765625 0.08046875 0.02890625
1 0.59140625 0.1390625 0.0625 0.0515625
1 0.52578125 0.0640625 0.08984375 0.03515625
1 0.71953125 0.08828125 0.0625 0.0390625
1 0.878125 0.09140625 0.0671875 0.04296875
1 0.7171875 0.1671875 0.06875 0.034375
1 0.8734375 0.17109375 0.065625 0.03984375
1 0.146875 0.25 0.0828125 0.025
1 0.0765625 0.33125 0.05390625 0.0453125
1 0.221875 0.36640625 0.07578125 0.03359375
1 0.28203125 0.28515625 0.05859375 0.0453125
1 0.3859375 0.31015625 0.04921875 0.04609375
1 0.51796875 0.35703125 0.07734375 0.02890625
1 0.59609375 0.28359375 0.059375 0.04609375
1 0.46484375 0.23984375 0.07578125 0.02578125
1 0.75 0.2453125 0.07578125 0.03046875
1 0.89765625 0.271875 0.05703125 0.04453125
1 0.8484375 0.35390625 0.0671875 0.03359375
1 0.7 0.32578125 0.0546875 0.04375
1 0.728125 0.4296875 0.06328125 0.03828125
1 0.8875 0.42734375 0.07578125 0.034375
1 0.73125 0.51796875 0.0734375 0.03515625
1 0.89609375 0.5171875 0.06953125 0.034375
1 0.5125 0.53671875 0.09609375 0.028125
1 0.59375 0.4609375 0.04375 0.0484375
1 0.459375 0.41328125 0.08125 0.02265625
1 0.37734375 0.48828125 0.04453125 0.04140625
1 0.25 0.44453125 0.06875 0.04453125
1 0.08984375 0.43671875 0.08671875 0.034375
1 0.0671875 0.52734375 0.0625 0.03828125
1 0.23515625 0.534375 0.065625 0.03515625
1 0.084375 0.62109375 0.07109375 0.03984375
1 0.0703125 0.71640625 0.0703125 0.040625
1 0.23828125 0.72109375 0.05859375 0.0375
1 0.2515625 0.62421875 0.06953125 0.0359375
1 0.3765625 0.64609375 0.04140625 0.05078125
1 0.50546875 0.5875 0.08359375 0.0265625
1 0.59609375 0.6625 0.0578125 0.0484375
1 0.47265625 0.72265625 0.08359375 0.03203125
1 0.69453125 0.65703125 0.0546875 0.05078125
1 0.8234375 0.71640625 0.0890625 0.03125
1 0.93203125 0.6484375 0.046875 0.05234375
1 0.8 0.58984375 0.08046875 0.028125
1 0.15625 0.7953125 0.08984375 0.03359375
1 0.0390625 0.87109375 0.04296875 0.0578125
1 0.17734375 0.9328125 0.1125 0.03359375
1 0.28125 0.86015625 0.05546875 0.05234375
1 0.39375 0.815625 0.05625 0.0546875
1 0.4359375 0.9078125 0.07890625 0.0421875
1 0.60625 0.8921875 0.0453125 0.04921875
1 0.56875 0.79296875 0.08515625 0.040625
1 0.7140625 0.84609375 0.03984375 0.05703125
1 0.83046875 0.775 0.0859375 0.025
1 0.9546875 0.8484375 0.04453125 0.05
1 0.83984375 0.91640625 0.09609375 0.025