1 0.23671875 0.14296875 0.06640625 0.021875
1 0.1453125 0.19453125 0.0296875 0.03359375
1 0.33515625 0.18671875 0.034375 0.0421875
1 0.24765625 0.24140625 0.06796875 0.0203125
1 0.41875 0.1671875 0.0390625 0.0328125
1 0.53984375 0.13515625 0.0671875 0.0234375
1 0.4765625 0.23125 0.065625 0.0203125
1 0.603125 0.196875 0.0375 0.0390625
1 0.71484375 0.1515625 0.05625 0.028125
1 0.85078125 0.153125 0.05703125 0.0328125
1 0.7109375 0.22265625 0.06171875 0.028125
1 0.85234375 0.2234375 0.053125 0.03671875
1 0.20078125 0.2953125 0.0671875 0.021875
1 0.1390625 0.36484375 0.0421875 0.0359375
1 0.32421875 0.325 0.05078125 0.0390625
1 0.2625 0.39375 0.059375 0.028125
1 0.4140625 0.34609375 0.03671875 0.034375
1 0.4875 0.28203125 0.075 0.0203125
1 0.53046875 0.38515625 0.06171875 0.02421875
1 0.60234375 0.31953125 0.046875 0.03984375
1 0.69765625 0.3578125 0.046875 0.03203125
1 0.7453125 0.2875 0.059375 0.0234375
1 0.87734375 0.3109375 0.053125 0.0375
1 0.83515625 0.3828125 0.0640625 0.0296875
1 0.140625 0.4578125 0.0640625 0.0296875
1 0.28671875 0.4640625 0.06171875 0.03125
1 0.12265625 0.53671875 0.05703125 0.03359375
1 0.2703125 0.5453125 0.05234375 0.03359375
1 0.403125 0.50390625 0.0375 0.0375
1 0.478125 0.43828125 0.071875 0.0234375
1 0.59921875 0.4796875 0.04296875 0.0375
1 0.52265625 0.5484375 0.065625 0.02421875
1 0.72265625 0.44921875 0.0546875 0.03046875
1 0.87109375 0.45078125 0.0625 0.03125
1 0.7265625 0.53046875 0.06328125 0.03203125
1 0.88125 0.53046875 0.05625 0.0375
1 0.13046875 0.62265625 0.06328125 0.0359375
1 0.11171875 0.7109375 0.06171875 0.03515625
1 0.2828125 0.62734375 0.05859375 0.0328125
1 0.26484375 0.71640625 0.05625 0.0359375
1 0.39765625 0.6484375 0.02890625 0.04140625
1 0.51484375 0.59453125 0.07421875 0.01953125
1 0.6046875 0.66796875 0.03125 0.04296875
1 0.4859375 0.7203125 0.07890625 0.01875
1 0.7921875 0.5953125 0.0703125 0.02265625
1 0.69609375 0.66015625 0.04609375 0.0421875
1 0.9171875 0.6546875 0.0421875 0.0453125
1 0.81953125 0.72109375 0.0703125 0.02421875
1 0.1890625 0.7859375 0.08671875 0.02578125
1 0.078125 0.86171875 0.0328125 0.05234375
1 0.1984375 0.9234375 0.07734375 0.02734375
1 0.3015625 0.846875 0.04296875 0.0453125
1 0.409375 0.81015625 0.053125 0.046875
1 0.5640625 0.78671875 0.0765625 0.03203125
1 0.4484375 0.903125 0.0765625 0.0359375
1 0.60390625 0.88203125 0.059375 0.04140625
1 0.7140625 0.84140625 0.04453125 0.05234375
1 0.83203125 0.91171875 0.084375 0.02421875
1 0.825 0.77578125 0.075 0.0203125
1 0.946875 0.84375 0.040625 0.03984375