1 0.153125 0.11484375 0.05078125 0.028125
1 0.284375 0.10546875 0.06484375 0.03125
1 0.28359375 0.18359375 0.04765625 0.0375
1 0.14921875 0.19140625 0.05078125 0.02421875
1 0.4453125 0.084375 0.06171875 0.02890625
1 0.5796875 0.096875 0.05546875 0.0375
1 0.4015625 0.1609375 0.0453125 0.03046875
1 0.53515625 0.17578125 0.05703125 0.03203125
1 0.828125 0.05625 0.0703125 0.0234375
1 0.68515625 0.09765625 0.04140625 0.0359375
1 0.740625 0.1703125 0.07109375 0.02421875
1 0.89140625 0.12890625 0.04921875 0.0421875
1 0.89140625 0.2375 0.06015625 0.03203125
1 0.73203125 0.23046875 0.06875 0.02890625
1 0.703125 0.3140625 0.0578125 0.0328125
1 0.86171875 0.32421875 0.0703125 0.0375
1 0.54609375 0.23515625 0.07109375 0.0234375
1 0.40546875 0.2640625 0.05 0.034375
1 0.5875 0.31328125 0.04453125 0.04140625
1 0.44453125 0.33984375 0.0671875 0.0234375
1 0.2890625 0.259375 0.0640625 0.03359375
1 0.15625 0.2609375 0.05859375 0.02890625
1 0.1515625 0.3421875 0.05390625 0.03046875
1 0.2859375 0.340625 0.046875 0.0359375
1 0.14921875 0.41484375 0.0578125 0.02890625
1 0.2859375 0.4234375 0.05703125 0.0328125
1 0.12890625 0.49453125 0.0515625 0.03203125
1 0.2625 0.50390625 0.05234375 0.034375
1 0.38671875 0.453125 0.0359375 0.0390625
1 0.48828125 0.509375 0.0734375 0.02421875
1 0.58828125 0.44453125 0.040625 0.046875
1 0.47890625 0.3921875 0.08046875 0.0265625
1 0.74453125 0.38984375 0.0875 0.03046875
1 0.89765625 0.425 0.05859375 0.04765625
1 0.8234375 0.5046875 0.0875 0.02890625
1 0.684375 0.47109375 0.04921875 0.04375
1 0.14375 0.571875 0.06953125 0.034375
1 0.2796875 0.5875 0.06015625 0.0375
1 0.2453125 0.671875 0.05625 0.0328125
1 0.1109375 0.6515625 0.05078125 0.0421875
1 0.3796875 0.61484375 0.034375 0.05
1 0.4796875 0.5578125 0.08984375 0.02265625
1 0.47578125 0.678125 0.0796875 0.021875
1 0.584375 0.6203125 0.03046875 0.04765625
1 0.73515625 0.5671875 0.08046875 0.03671875
1 0.8921875 0.59375 0.06875 0.040625
1 0.85546875 0.68203125 0.07890625 0.034375
1 0.69375 0.65390625 0.06015625 0.0453125
1 0.90078125 0.78046875 0.059375 0.0359375
1 0.73046875 0.75078125 0.078125 0.0390625
1 0.696875 0.84140625 0.059375 0.04765625
1 0.8640625 0.87265625 0.07265625 0.03203125
1 0.58359375 0.8046875 0.02890625 0.0453125
1 0.46953125 0.86015625 0.08125 0.0234375
1 0.37109375 0.784375 0.04453125 0.04921875
1 0.48515625 0.73203125 0.0875 0.01875
1 0.26796875 0.8171875 0.03671875 0.0421875
1 0.20859375 0.73203125 0.08046875 0.025
1 0.0796875 0.76953125 0.04921875 0.0421875
1 0.1421875 0.85078125 0.07734375 0.03203125