1 0.1921875 0.190625 0.0609375 0.01640625
1 0.12734375 0.25390625 0.02109375 0.03203125
1 0.20625 0.2859375 0.046875 0.02578125
1 0.2765625 0.22421875 0.0390625 0.03828125
1 0.3421875 0.19453125 0.0453125 0.03671875
1 0.4453125 0.14453125 0.07421875 0.01796875
1 0.39921875 0.253125 0.05703125 0.01875
1 0.51015625 0.203125 0.03359375 0.040625
1 0.61796875 0.1375 0.05390625 0.0390625
1 0.76171875 0.115625 0.0671875 0.03671875
1 0.6171875 0.2140625 0.0546875 0.02421875
1 0.76484375 0.196875 0.0484375 0.04140625
1 0.16875 0.340625 0.05546875 0.025
1 0.13203125 0.41015625 0.03671875 0.02890625
1 0.23046875 0.43125 0.046875 0.02421875
1 0.27265625 0.359375 0.05 0.03671875
1 0.40703125 0.3015625 0.0625 0.0234375
1 0.34296875 0.37421875 0.03984375 0.03515625
1 0.4453125 0.40546875 0.05390625 0.0265625
1 0.51640625 0.3359375 0.04296875 0.04140625
1 0.6078125 0.36484375 0.05234375 0.03671875
1 0.74609375 0.3828125 0.06484375 0.03515625
1 0.6515625 0.2828125 0.06640625 0.03125
1 0.134375 0.49453125 0.053125 0.02890625
1 0.125 0.56796875 0.04375 0.02890625
1 0.23671875 0.5703125 0.040625 0.028125
1 0.2453125 0.49453125 0.05390625 0.02890625
1 0.4015625 0.46015625 0.06953125 0.02265625
1 0.3453125 0.53125 0.0359375 0.0390625
1 0.45 0.5671875 0.0578125 0.02421875
1 0.51484375 0.49609375 0.04296875 0.0359375
1 0.63125 0.46015625 0.05859375 0.0359375
1 0.63984375 0.54609375 0.06171875 0.03046875
1 0.79609375 0.5421875 0.05859375 0.040625
1 0.13203125 0.6453125 0.05390625 0.03359375
1 0.125 0.7234375 0.0484375 0.03359375
1 0.2390625 0.72890625 0.0421875 0.034375
1 0.246875 0.6484375 0.05703125 0.0296875
1 0.340625 0.671875 0.03046875 0.040625
1 0.4328125 0.6171875 0.07734375 0.0171875
1 0.41953125 0.73984375 0.05703125 0.0203125
1 0.528125 0.68828125 0.03125 0.04375
1 0.61015625 0.68359375 0.03359375 0.040625
1 0.69921875 0.61484375 0.08203125 0.025
1 0.73671875 0.75078125 0.07421875 0.01953125
1 0.17578125 0.7921875 0.06171875 0.021875
1 0.10625 0.85078125 0.0359375 0.0421875
1 0.19609375 0.91328125 0.06015625 0.01953125
1 0.2703125 0.853125 0.0390625 0.040625
1 0.35546875 0.8203125 0.046875 0.04140625
1 0.38828125 0.9125 0.06171875 0.03671875
1 0.52421875 0.90390625 0.040625 0.040625
1 0.48984375 0.80546875 0.0671875 0.03046875
1 0.62734375 0.87265625 0.034375 0.05234375
1 0.73671875 0.809375 0.08359375 0.02421875
1 0.75 0.95546875 0.08046875 0.025
1 0.78984375 0.4546875 0.08046875 0.040625
1 0.8375 0.68203125 0.05703125 0.0609375
1 0.871875 0.8953125 0.05234375 0.06328125
1 0.7984375 0.296875 0.06171875 0.046875