1 0.22890625 0.05703125 0.0765625 0.03203125
1 0.1265625 0.1109375 0.05390625 0.05390625
1 0.3421875 0.12265625 0.0421875 0.04609375
1 0.23828125 0.17578125 0.0859375 0.02890625
1 0.4328125 0.11171875 0.04140625 0.040625
1 0.55 0.0921875 0.071875 0.03203125
1 0.609375 0.17109375 0.04140625 0.0421875
1 0.4859375 0.18984375 0.08203125 0.028125
1 0.71328125 0.13359375 0.0453125 0.025
1 0.83203125 0.153125 0.04765625 0.03984375
1 0.82421875 0.2234375 0.05 0.03515625
1 0.70703125 0.2078125 0.0609375 0.03203125
1 0.19453125 0.2328125 0.08125 0.021875
1 0.121875 0.309375 0.0546875 0.04765625
1 0.33046875 0.284375 0.05625 0.04765625
1 0.2671875 0.35625 0.08359375 0.028125
1 0.42109375 0.31171875 0.04609375 0.04375
1 0.5 0.253125 0.07890625 0.025
1 0.60859375 0.30234375 0.04296875 0.04375
1 0.5328125 0.36328125 0.07421875 0.02421875
1 0.734375 0.278125 0.0625 0.025
1 0.6859375 0.340625 0.0515625 0.04375
1 0.8 0.37890625 0.07109375 0.02578125
1 0.8375 0.31171875 0.04453125 0.03984375
1 0.13359375 0.42265625 0.07109375 0.040625
1 0.1125 0.509375 0.07265625 0.03984375
1 0.275 0.52421875 0.07421875 0.03515625
1 0.29609375 0.4390625 0.07109375 0.03984375
1 0.4890625 0.41640625 0.071875 0.0234375
1 0.4109375 0.47890625 0.04609375 0.0421875
1 0.521875 0.5265625 0.0875 0.02421875
1 0.5984375 0.46328125 0.040625 0.04609375
1 0.71015625 0.43671875 0.0515625 0.03203125
1 0.82890625 0.44296875 0.05234375 0.034375
1 0.7078125 0.51484375 0.06484375 0.0328125
1 0.82890625 0.51640625 0.05 0.0328125
1 0.1359375 0.60390625 0.06953125 0.0375
1 0.1171875 0.69921875 0.06796875 0.0390625
1 0.30078125 0.60859375 0.0625 0.03515625
1 0.41015625 0.6296875 0.03125 0.04765625
1 0.51875 0.57578125 0.06875 0.02109375
1 0.6015625 0.64140625 0.03828125 0.04375
1 0.49296875 0.69609375 0.07578125 0.02265625
1 0.6765625 0.6359375 0.03984375 0.040625
1 0.75625 0.5765625 0.065625 0.02421875
1 0.84375 0.62265625 0.03125 0.0390625
1 0.7734375 0.6859375 0.0703125 0.0234375
1 0.203125 0.77421875 0.08125 0.0296875
1 0.08984375 0.86015625 0.0484375 0.05625
1 0.21640625 0.909375 0.08671875 0.03046875
1 0.325 0.82890625 0.0421875 0.053125
1 0.428125 0.78125 0.059375 0.04609375
1 0.56640625 0.75625 0.075 0.0328125
1 0.596875 0.83671875 0.0578125 0.04453125
1 0.4609375 0.86796875 0.0859375 0.034375
1 0.68515625 0.79296875 0.0453125 0.04609375
1 0.7734375 0.73203125 0.0609375 0.0265625
1 0.8578125 0.78671875 0.03828125 0.04375
1 0.77734375 0.8453125 0.075 0.0234375