1 0.25 0.1859375 0.0640625 0.0171875
1 0.1625 0.23125 0.03203125 0.02890625
1 0.34140625 0.22578125 0.0390625 0.0390625
1 0.25625 0.2703125 0.0796875 0.0234375
1 0.4171875 0.20703125 0.04140625 0.02890625
1 0.46875 0.259375 0.059375 0.02265625
1 0.5828125 0.2328125 0.040625 0.03984375
1 0.52421875 0.1796875 0.07421875 0.02109375
1 0.68203125 0.1953125 0.05078125 0.02578125
1 0.80703125 0.19609375 0.0546875 0.03046875
1 0.68359375 0.253125 0.05859375 0.0265625
1 0.81171875 0.2515625 0.04921875 0.0328125
1 0.21484375 0.3171875 0.06796875 0.0203125
1 0.14921875 0.3796875 0.0390625 0.034375
1 0.271875 0.40625 0.06796875 0.02734375
1 0.3296875 0.34375 0.05390625 0.03984375
1 0.52578125 0.39609375 0.06484375 0.02265625
1 0.41328125 0.359375 0.03046875 0.028125
1 0.478125 0.30625 0.065625 0.01953125
1 0.58984375 0.33984375 0.04296875 0.03984375
1 0.715625 0.30859375 0.075 0.02421875
1 0.67734375 0.36953125 0.046875 0.034375
1 0.8109375 0.39296875 0.06328125 0.0296875
1 0.83984375 0.32734375 0.05703125 0.03671875
1 0.1578125 0.46328125 0.06796875 0.03125
1 0.29453125 0.4703125 0.06484375 0.03515625
1 0.13203125 0.53984375 0.06015625 0.03515625
1 0.27734375 0.5453125 0.05703125 0.0328125
1 0.4078125 0.50625 0.0421875 0.03828125
1 0.4765625 0.44453125 0.071875 0.02265625
1 0.59375 0.48125 0.04375 0.0390625
1 0.52421875 0.5453125 0.06953125 0.02421875
1 0.70859375 0.453125 0.05546875 0.03046875
1 0.71796875 0.5265625 0.065625 0.0328125
1 0.86875 0.52421875 0.059375 0.0359375
1 0.85234375 0.4515625 0.0625 0.03046875
1 0.14140625 0.62109375 0.06953125 0.03515625
1 0.11875 0.71015625 0.0640625 0.03984375
1 0.27421875 0.7140625 0.065625 0.040625
1 0.2890625 0.62265625 0.06953125 0.03515625
1 0.40234375 0.64375 0.0359375 0.0421875
1 0.4984375 0.7140625 0.08125 0.021875
1 0.61328125 0.65703125 0.04375 0.05
1 0.51484375 0.59140625 0.084375 0.021875
1 0.7 0.65 0.05078125 0.0453125
1 0.78828125 0.58828125 0.07734375 0.02734375
1 0.9109375 0.6421875 0.0484375 0.0453125
1 0.82421875 0.709375 0.08125 0.02578125
1 0.19375 0.784375 0.08671875 0.03046875
1 0.07734375 0.86640625 0.03671875 0.05078125
1 0.2046875 0.93125 0.0890625 0.02578125
1 0.3109375 0.85 0.05703125 0.05078125
1 0.428125 0.80234375 0.0609375 0.0515625
1 0.465625 0.9046875 0.084375 0.03828125
1 0.6234375 0.87734375 0.05546875 0.04765625
1 0.58203125 0.77890625 0.07890625 0.034375
1 0.8296875 0.7625 0.08828125 0.02421875
1 0.73203125 0.83203125 0.0453125 0.0546875
1 0.85546875 0.90625 0.096875 0.02734375
1 0.96171875 0.83203125 0.04765625 0.05078125