0 0.2921875 0.48046875 0.04296875 0.0328125
0 0.1 0.66328125 0.0375 0.05
0 0.23828125 0.2390625 0.0234375 0.07421875
0 0.1734375 0.94765625 0.03359375 0.05078125
0 0.3625 0.875 0.01640625 0.0640625
0 0.415625 0.54765625 0.02421875 0.071875
0 0.096875 0.1640625 0.040625 0.0484375
0 0.31953125 0.1765625 0.04296875 0.0453125
0 0.49140625 0.48359375 0.040625 0.0421875
0 0.70078125 0.35234375 0.03359375 0.071875
0 0.09296875 0.91484375 0.03125 0.06171875
0 0.15703125 0.4859375 0.03984375 0.0484375
0 0.15 0.3734375 0.040625 0.05
0 0.18671875 0.809375 0.034375 0.06484375
0 0.496875 0.78515625 0.04296875 0.05078125
0 0.8375 0.40234375 0.04453125 0.03125
0 0.18125 0.634375 0.0265625 0.0671875
0 0.103125 0.77734375 0.03828125 0.0546875
0 0.3578125 0.32734375 0.02109375 0.06875
0 0.23671875 0.59296875 0.01796875 0.06796875
0 0.4125 0.2546875 0.01953125 0.07421875
0 0.24375 0.884375 0.01796875 0.07265625
0 0.1796875 0.22890625 0.03125 0.07265625
0 0.64609375 0.48203125 0.04296875 0.028125
0 0.90859375 0.28046875 0.01875 0.0734375
0 0.27890625 0.38671875 0.0390625 0.0390625
0 0.0703125 0.3140625 0.0296875 0.0703125
0 0.77265625 0.2859375 0.01875 0.07890625
0 0.30390625 0.6921875 0.0390625 0.03125
0 0.45234375 0.68359375 0.0421875 0.0453125
0 0.7953125 0.703125 0.0421875 0.040625
0 0.534375 0.30703125 0.02421875 0.0734375
0 0.528125 0.62421875 0.028125 0.071875
0 0.76328125 0.96640625 0.03515625 0.0609375
0 0.61484375 0.78515625 0.03984375 0.04921875
0 0.459375 0.38828125 0.04375 0.0421875
0 0.66171875 0.98125 0.03671875 0.03515625
0 0.77109375 0.81875 0.0359375 0.06328125
0 0.3609375 0.58046875 0.01953125 0.06953125
0 0.696875 0.18671875 0.03515625 0.06328125
0 0.86015625 0.828125 0.0359375 0.06015625
0 0.84140625 0.16484375 0.04453125 0.03515625
0 0.8515625 0.97421875 0.040625 0.0515625
0 0.4875 0.16640625 0.03984375 0.03671875
0 0.76015625 0.5625 0.02265625 0.071875
0 0.4453125 0.96796875 0.0390625 0.04765625
0 0.84296875 0.4953125 0.0421875 0.0375
0 0.88046875 0.6359375 0.02734375 0.06953125
0 0.60234375 0.20546875 0.04140625 0.0796875
0 0.70546875 0.59765625 0.01484375 0.071875
0 0.609375 0.36875 0.0390625 0.06484375
0 0.52578125 0.92265625 0.02421875 0.06953125
0 0.6359375 0.6984375 0.03984375 0.02890625
0 0.30859375 0.98046875 0.040625 0.03203125
0 0.4171875 0.83046875 0.02578125 0.06953125
0 0.3 0.7765625 0.03828125 0.0328125
0 0.58046875 0.58203125 0.015625 0.06875
0 0.69765625 0.84375 0.02421875 0.06640625
0 0.58203125 0.92421875 0.0265625 0.075
0 0.07578125 0.515625 0.02734375 0.0640625