0 0.10546875 0.57578125 0.02578125 0.06328125
0 0.7109375 0.41640625 0.03359375 0.07265625
0 0.25859375 0.64921875 0.01796875 0.06484375
0 0.12890625 0.71875 0.0359375 0.04765625
0 0.37421875 0.39453125 0.02109375 0.0671875
0 0.2984375 0.45 0.0390625 0.0390625
0 0.31171875 0.540625 0.03984375 0.03359375
0 0.428125 0.60859375 0.02265625 0.06953125
0 0.26015625 0.31484375 0.0234375 0.07578125
0 0.1203125 0.9640625 0.0296875 0.05859375
0 0.8453125 0.46328125 0.04375 0.03046875
0 0.17734375 0.4421875 0.03828125 0.04921875
0 0.50390625 0.54140625 0.03984375 0.04453125
0 0.37578125 0.63828125 0.0203125 0.06796875
0 0.1828125 0.5484375 0.03828125 0.04765625
0 0.70078125 0.25625 0.0359375 0.059375
0 0.10078125 0.38203125 0.0265625 0.06796875
0 0.6265625 0.84375 0.0390625 0.05
0 0.65546875 0.53984375 0.03984375 0.028125
0 0.33828125 0.25 0.03828125 0.040625
0 0.1265625 0.24140625 0.03828125 0.04609375
0 0.4984375 0.2359375 0.03828125 0.03828125
0 0.915625 0.34453125 0.01875 0.075
0 0.4734375 0.4515625 0.0390625 0.0359375
0 0.590625 0.63828125 0.01875 0.075
0 0.13046875 0.82890625 0.03671875 0.053125
0 0.21015625 0.85859375 0.03203125 0.06171875
0 0.80703125 0.76171875 0.04296875 0.040625
0 0.20546875 0.30234375 0.02890625 0.06640625
0 0.4265625 0.3234375 0.01875 0.06875
0 0.2640625 0.93203125 0.01640625 0.06640625
0 0.715625 0.65546875 0.0171875 0.07265625
0 0.7078125 0.90078125 0.0265625 0.0671875
0 0.4640625 0.73984375 0.03828125 0.04140625
0 0.378125 0.92578125 0.01640625 0.0625
0 0.846875 0.234375 0.0421875 0.034375
0 0.871875 0.88671875 0.03671875 0.06328125
0 0.31796875 0.828125 0.0375 0.03125
0 0.540625 0.67890625 0.0265625 0.07265625
0 0.5109375 0.83984375 0.04140625 0.04921875
0 0.64609375 0.7546875 0.03984375 0.0296875
0 0.85390625 0.55390625 0.04140625 0.0375
0 0.7703125 0.621875 0.0234375 0.071875
0 0.61171875 0.271875 0.03828125 0.075
0 0.778125 0.3515625 0.0234375 0.0796875
0 0.78359375 0.87734375 0.0375 0.06328125
0 0.6171875 0.4296875 0.03671875 0.05859375
0 0.89296875 0.6984375 0.028125 0.07421875
0 0.2046875 0.68828125 0.0265625 0.065625
0 0.53828125 0.97109375 0.0234375 0.0578125
0 0.54453125 0.3734375 0.021875 0.06953125
0 0.43203125 0.88671875 0.02421875 0.0703125
0 0.59609375 0.971875 0.02890625 0.05625
0 0.1984375 0.98515625 0.02734375 0.02890625
0 0.3234375 0.746875 0.0390625 0.03125