1 0.26953125 0.05546875 0.07109375 0.03359375
1 0.16953125 0.1078125 0.05390625 0.04765625
1 0.28671875 0.178125 0.09375 0.02578125
1 0.38828125 0.1234375 0.04375 0.05
1 0.47734375 0.1140625 0.04375 0.034375
1 0.59140625 0.0953125 0.07109375 0.0328125
1 0.65390625 0.171875 0.04375 0.04453125
1 0.5421875 0.19453125 0.07890625 0.03046875
1 0.74921875 0.13671875 0.0578125 0.0265625
1 0.7515625 0.209375 0.06015625 0.0375
1 0.87109375 0.221875 0.05625 0.0359375
1 0.86328125 0.1515625 0.04765625 0.03984375
1 0.24296875 0.2390625 0.078125 0.02734375
1 0.175 0.31875 0.06015625 0.04453125
1 0.33125 0.3640625 0.08046875 0.0328125
1 0.38515625 0.28515625 0.05078125 0.04765625
1 0.48125 0.31640625 0.05234375 0.04296875
1 0.54921875 0.2546875 0.06328125 0.02109375
1 0.66015625 0.3046875 0.0375 0.04296875
1 0.60078125 0.36796875 0.07734375 0.02578125
1 0.78046875 0.28046875 0.04765625 0.01875
1 0.7421875 0.3484375 0.053125 0.040625
1 0.85625 0.38046875 0.06015625 0.02734375
1 0.884375 0.31328125 0.04296875 0.04140625
1 0.19375 0.43359375 0.075 0.03984375
1 0.17890625 0.5265625 0.07734375 0.0421875
1 0.34609375 0.5359375 0.06328125 0.03828125
1 0.35625 0.44453125 0.06796875 0.03828125
1 0.5453125 0.42421875 0.07109375 0.0265625
1 0.478125 0.49140625 0.04765625 0.0453125
1 0.59921875 0.5375 0.07265625 0.02578125
1 0.6578125 0.46796875 0.04453125 0.04140625
1 0.76484375 0.4421875 0.046875 0.0328125
1 0.775 0.52109375 0.06328125 0.03203125
1 0.89296875 0.51875 0.05390625 0.03671875
1 0.87890625 0.44296875 0.05390625 0.02890625
1 0.203125 0.625 0.06484375 0.04296875
1 0.19453125 0.72734375 0.08125 0.03984375
1 0.3609375 0.7203125 0.0671875 0.0453125
1 0.36796875 0.62421875 0.07109375 0.034375
1 0.48359375 0.6453125 0.04453125 0.05078125
1 0.58515625 0.58828125 0.07421875 0.0171875
1 0.57734375 0.7125 0.08046875 0.02421875
1 0.6734375 0.65234375 0.034375 0.0484375
1 0.75625 0.64765625 0.05 0.05078125
1 0.82265625 0.5828125 0.07109375 0.0234375
1 0.9140625 0.63125 0.0375 0.04140625
1 0.85234375 0.69453125 0.07109375 0.0234375
1 0.278125 0.80390625 0.09296875 0.0359375
1 0.16953125 0.89609375 0.046875 0.0578125
1 0.31015625 0.94453125 0.0890625 0.0296875
1 0.409375 0.85390625 0.04609375 0.046875
1 0.5109375 0.80703125 0.05625 0.053125
1 0.5546875 0.8953125 0.0859375 0.02890625
1 0.68671875 0.85546875 0.05078125 0.04609375
1 0.64453125 0.771875 0.071875 0.02890625
1 0.85546875 0.7421875 0.0625 0.02578125
1 0.775 0.81015625 0.04296875 0.04921875
1 0.86640625 0.86015625 0.075 0.02578125
1 0.93828125 0.7953125 0.03515625 0.03984375