0 0.17109375 0.21328125 0.03828125 0.04375
0 0.37265625 0.22109375 0.03828125 0.04140625
0 0.21953125 0.50703125 0.03671875 0.04453125
0 0.24453125 0.27109375 0.028125 0.06484375
0 0.34453125 0.4984375 0.0390625 0.03046875
0 0.71953125 0.22109375 0.03671875 0.06015625
0 0.63125 0.23984375 0.03671875 0.07109375
0 0.14453125 0.53359375 0.028125 0.06171875
0 0.16328125 0.67265625 0.034375 0.04765625
0 0.2984375 0.28125 0.02421875 0.065625
0 0.16328125 0.78359375 0.0328125 0.05078125
0 0.215625 0.403125 0.0390625 0.046875
0 0.53515625 0.79296875 0.0390625 0.04765625
0 0.65078125 0.79453125 0.0390625 0.05234375
0 0.3484375 0.78125 0.03828125 0.0296875
0 0.14375 0.34609375 0.025 0.065625
0 0.7296875 0.85390625 0.0265625 0.06953125
0 0.33125 0.41328125 0.0359375 0.0375
0 0.5296875 0.5 0.040625 0.04140625
0 0.728125 0.37265625 0.0328125 0.0671875
0 0.45859375 0.8375 0.025 0.06875
0 0.525 0.20625 0.0375 0.03828125
0 0.353125 0.7015625 0.0359375 0.0296875
0 0.240625 0.81484375 0.03046875 0.06328125
0 0.45546875 0.28828125 0.01796875 0.06796875
0 0.29140625 0.60546875 0.01640625 0.065625
0 0.2390625 0.64375 0.02578125 0.0609375
0 0.85859375 0.19765625 0.04296875 0.03203125
0 0.4046875 0.359375 0.0234375 0.0671875
0 0.67734375 0.49609375 0.03671875 0.0296875
0 0.56171875 0.93203125 0.025 0.07109375
0 0.40546875 0.8796875 0.0171875 0.0625
0 0.86953125 0.509375 0.04140625 0.03828125
0 0.45546875 0.565625 0.021875 0.06484375
0 0.61875 0.92890625 0.0296875 0.07421875
0 0.40390625 0.5953125 0.01796875 0.065625
0 0.80546875 0.828125 0.03515625 0.06484375
0 0.49765625 0.41171875 0.03671875 0.0359375
0 0.29296875 0.8875 0.01640625 0.07109375
0 0.22578125 0.94921875 0.0328125 0.05078125
0 0.63671875 0.38671875 0.034375 0.0546875
0 0.15078125 0.9203125 0.02890625 0.06328125
0 0.78828125 0.57578125 0.02265625 0.07265625
0 0.56796875 0.33671875 0.0203125 0.06875
0 0.3515625 0.9828125 0.03671875 0.02890625
0 0.89296875 0.840625 0.0375 0.06640625
0 0.73515625 0.6109375 0.0171875 0.07265625
0 0.8 0.9734375 0.0375 0.053125
0 0.6671875 0.70703125 0.03828125 0.0296875
0 0.79609375 0.3125 0.01796875 0.07265625
0 0.48984375 0.69296875 0.03828125 0.0421875
0 0.484375 0.975 0.0390625 0.046875
0 0.7 0.984375 0.0359375 0.03046875
0 0.86015625 0.41875 0.04296875 0.02890625
0 0.8265625 0.71328125 0.04296875 0.0390625
0 0.909375 0.64765625 0.025 0.07109375
0 0.6125 0.5953125 0.0140625 0.06484375
0 0.89140625 0.98046875 0.0328125 0.0390625
0 0.9265625 0.303125 0.01796875 0.071875
0 0.56484375 0.63359375 0.028125 0.07265625