0 0.32109375 0.30546875 0.03671875 0.02734375
0 0.49609375 0.3125 0.0421875 0.040625
0 0.6875 0.18984375 0.0328125 0.06640625
0 0.8796875 0.1234375 0.0171875 0.06640625
0 0.35625 0.04453125 0.03359375 0.0375
0 0.14296875 0.46953125 0.03046875 0.04453125
0 0.26640625 0.40703125 0.01484375 0.0625
0 0.203125 0.3078125 0.034375 0.046875
0 0.36640625 0.678125 0.0171875 0.06328125
0 0.85390625 0.6484375 0.0390625 0.06328125
0 0.375 0.3984375 0.0171875 0.065625
0 0.75859375 0.79140625 0.03671875 0.0671875
0 0.8265625 0.31875 0.04140625 0.0390625
0 0.3125 0.2234375 0.034375 0.03671875
0 0.68203125 0.0484375 0.034375 0.0578125
0 0.81640625 0.22890625 0.0421875 0.0375
0 0.17421875 0.04375 0.0328125 0.0421875
0 0.25546875 0.67734375 0.015625 0.0625
0 0.3203125 0.49921875 0.0359375 0.0296875
0 0.784375 0.51875 0.0421875 0.0375
0 0.20859375 0.60703125 0.0296875 0.05859375
0 0.425 0.36953125 0.0234375 0.06171875
0 0.5984375 0.0671875 0.0328125 0.06328125
0 0.6375 0.3078125 0.0359375 0.0296875
0 0.2375 0.09296875 0.0234375 0.06015625
0 0.51875 0.73671875 0.03046875 0.071875
0 0.49765625 0.0328125 0.0359375 0.03125
0 0.69296875 0.4171875 0.01640625 0.07265625
0 0.81328125 0.0234375 0.0390625 0.03046875
0 0.43125 0.1109375 0.01796875 0.0625
0 0.6265625 0.5109375 0.03828125 0.0296875
0 0.57578125 0.73359375 0.02890625 0.0765625
0 0.5296875 0.43984375 0.02578125 0.0671875
0 0.47109375 0.2265625 0.0359375 0.03125
0 0.575 0.40234375 0.01640625 0.071875
0 0.1859375 0.74609375 0.0328125 0.053125
0 0.115625 0.7109375 0.025 0.06171875
0 0.653125 0.8015625 0.04140625 0.0546875
0 0.3078125 0.78203125 0.03515625 0.02578125
0 0.1328125 0.33671875 0.02734375 0.05703125
0 0.74609375 0.384375 0.02265625 0.07109375
0 0.53671875 0.15078125 0.01953125 0.071875
0 0.3828125 0.1703125 0.02109375 0.06328125
0 0.28515625 0.10078125 0.021875 0.06015625
0 0.76328125 0.6375 0.03671875 0.06171875
0 0.21640625 0.440625 0.02421875 0.05859375
0 0.85234375 0.80703125 0.0390625 0.0625
0 0.1421875 0.1640625 0.0203125 0.0578125
0 0.753125 0.1328125 0.01875 0.06953125
0 0.496875 0.59609375 0.0390625 0.0484375
0 0.20703125 0.21015625 0.0328125 0.04296875
0 0.1375 0.57265625 0.03515625 0.0484375
0 0.68828125 0.6609375 0.028125 0.07109375
0 0.60078125 0.2015625 0.0375 0.05546875
0 0.86796875 0.45546875 0.025 0.06953125
0 0.45390625 0.49609375 0.034375 0.03515625
0 0.440625 0.77578125 0.0359375 0.046875
0 0.41875 0.63671875 0.02734375 0.065625
0 0.31484375 0.578125 0.0375 0.028125
0 0.61171875 0.5984375 0.04140625 0.04921875