0 0.8015625 0.06796875 0.0546875 0.046875
0 0.80546875 0.2828125 0.0546875 0.04765625
0 0.74453125 0.18671875 0.02890625 0.0859375
0 0.871875 0.15859375 0.03203125 0.08671875
0 0.8171875 0.38203125 0.05859375 0.0546875
0 0.73828125 0.45234375 0.0296875 0.0796875
0 0.77578125 0.58125 0.05703125 0.04375
0 0.86171875 0.5078125 0.02890625 0.08828125
0 0.7578125 0.70703125 0.03984375 0.07421875
0 0.75546875 0.85390625 0.04296875 0.08671875
0 0.85078125 0.86171875 0.03828125 0.0640625
0 0.84921875 0.7015625 0.04140625 0.07265625
0 0.684375 0.7296875 0.0296875 0.08359375
0 0.65625 0.86484375 0.04453125 0.0546875
0 0.58046875 0.8078125 0.040625 0.0828125
0 0.60625 0.67421875 0.04140625 0.0609375
0 0.49765625 0.6765625 0.04765625 0.053125
0 0.42421875 0.72109375 0.0265625 0.08203125
0 0.45 0.85234375 0.046875 0.05546875
0 0.51875 0.80703125 0.03046875 0.07265625
0 0.32421875 0.6640625 0.04765625 0.0390625
0 0.37578125 0.75625 0.0171875 0.075
0 0.3265625 0.85546875 0.04140625 0.04609375
0 0.27421875 0.76875 0.02265625 0.08671875
0 0.22734375 0.69921875 0.0296875 0.07265625
0 0.2140625 0.828125 0.03828125 0.05546875
0 0.15 0.796875 0.03515625 0.07421875
0 0.16015625 0.671875 0.04140625 0.0609375
0 0.621875 0.58125 0.059375 0.0515625
0 0.5671875 0.47890625 0.0296875 0.090625
0 0.62890625 0.378125 0.05 0.04609375
0 0.6859375 0.4859375 0.0296875 0.08828125
0 0.52109375 0.51484375 0.03203125 0.09609375
0 0.4890625 0.39765625 0.046875 0.04375
0 0.41953125 0.4625 0.02890625 0.08828125
0 0.45546875 0.57890625 0.0421875 0.05546875
0 0.3765625 0.4875 0.03125 0.07109375
0 0.31796875 0.4046875 0.04375 0.040625
0 0.271875 0.50703125 0.02421875 0.0765625
0 0.32890625 0.58984375 0.04375 0.0421875
0 0.22734375 0.5390625 0.0234375 0.065625
0 0.16171875 0.57265625 0.0375 0.04609375
0 0.14296875 0.44609375 0.0296875 0.07265625
0 0.209375 0.4125 0.04375 0.05
0 0.22890625 0.19140625 0.03203125 0.07109375
0 0.209375 0.31875 0.04921875 0.0515625
0 0.14453125 0.27578125 0.02734375 0.06953125
0 0.16484375 0.153125 0.03984375 0.06171875
0 0.340625 0.1375 0.040625 0.053125
0 0.27578125 0.19921875 0.0296875 0.08671875
0 0.30703125 0.3203125 0.03984375 0.04140625
0 0.3703125 0.26015625 0.0265625 0.0828125
0 0.41796875 0.20078125 0.02734375 0.0921875
0 0.48046875 0.1046875 0.046875 0.0421875
0 0.46015625 0.3078125 0.04921875 0.03828125
0 0.5234375 0.22109375 0.028125 0.08515625
0 0.5921875 0.27578125 0.04140625 0.07421875
0 0.6734375 0.25078125 0.03515625 0.07265625
0 0.66640625 0.1046875 0.04609375 0.05625
0 0.58203125 0.1390625 0.0328125 0.0828125