0 0.5375 0.6 0.04140625 0.05234375
0 0.4578125 0.64375 0.03046875 0.071875
0 0.65703125 0.6015625 0.03828125 0.0453125
0 0.56484375 0.74765625 0.03046875 0.078125
0 0.459375 0.3640625 0.025 0.06640625
0 0.5359375 0.30390625 0.040625 0.046875
0 0.62578125 0.74609375 0.03125 0.075
0 0.7421875 0.6625 0.02890625 0.06953125
0 0.48125 0.79375 0.04140625 0.05234375
0 0.14375 0.58671875 0.03828125 0.05390625
0 0.33828125 0.21171875 0.0375 0.040625
0 0.6203125 0.396875 0.0171875 0.0703125
0 0.3421875 0.58515625 0.0390625 0.02734375
0 0.34765625 0.2953125 0.03828125 0.02890625
0 0.7234375 0.03828125 0.0375 0.05859375
0 0.21953125 0.30078125 0.03828125 0.053125
0 0.684375 0.29921875 0.03515625 0.02890625
0 0.64609375 0.1921875 0.03515625 0.05234375
0 0.13984375 0.3296875 0.03046875 0.0640625
0 0.5703125 0.4390625 0.0265625 0.0703125
0 0.22578125 0.621875 0.03046875 0.06484375
0 0.15078125 0.47109375 0.03515625 0.04921875
0 0.46484375 0.096875 0.01875 0.06640625
0 0.6390625 0.05390625 0.03046875 0.0625
0 0.20078125 0.77265625 0.0375 0.05625
0 0.709375 0.81328125 0.0375 0.0453125
0 0.2328125 0.44453125 0.02734375 0.065625
0 0.3375 0.8046875 0.0390625 0.0296875
0 0.40625 0.39453125 0.01640625 0.06328125
0 0.35 0.50234375 0.03671875 0.03125
0 0.40078125 0.69140625 0.01640625 0.071875
0 0.79609375 0.378125 0.0203125 0.06953125
0 0.309375 0.08359375 0.0234375 0.0609375
0 0.384375 0.025 0.0359375 0.03984375
0 0.27890625 0.69453125 0.01640625 0.06953125
0 0.90859375 0.6453125 0.03828125 0.06171875
0 0.87421875 0.31328125 0.0421875 0.04140625
0 0.50859375 0.2140625 0.0375 0.03125
0 0.7328125 0.17890625 0.03125 0.06796875
0 0.22109375 0.19609375 0.0390625 0.04921875
0 0.2890625 0.40234375 0.01640625 0.06484375
0 0.81640625 0.63984375 0.03671875 0.06484375
0 0.25625 0.07265625 0.02578125 0.06796875
0 0.67578125 0.509375 0.03671875 0.025
0 0.1859375 0.02109375 0.03515625 0.03984375
0 0.1203125 0.73515625 0.028125 0.06796875
0 0.41328125 0.1578125 0.021875 0.06640625
0 0.52890625 0.015625 0.0265625 0.028125
0 0.8171875 0.79765625 0.040625 0.06796875
0 0.74453125 0.41015625 0.01875 0.06796875
0 0.14921875 0.14375 0.02265625 0.06171875
0 0.909375 0.809375 0.0390625 0.06171875
0 0.92265625 0.11953125 0.01875 0.071875
0 0.85703125 0.01796875 0.040625 0.03046875
0 0.8375 0.51640625 0.0421875 0.0359375
0 0.56953125 0.071875 0.02890625 0.04921875
0 0.91953125 0.4515625 0.0234375 0.07109375
0 0.57734375 0.13828125 0.01953125 0.071875
0 0.8625 0.22109375 0.0421875 0.0375
0 0.8 0.12578125 0.01875 0.065625