0 0.21875 0.36015625 0.0421875 0.05234375
0 0.55390625 0.3484375 0.03984375 0.040625
0 0.37109375 0.565625 0.03984375 0.034375
0 0.42734375 0.453125 0.02109375 0.06796875
0 0.15078125 0.675 0.040625 0.0625
0 0.30703125 0.1171875 0.02421875 0.0734375
0 0.38828125 0.05625 0.03984375 0.04765625
0 0.30234375 0.46640625 0.021875 0.0734375
0 0.30546875 0.76953125 0.01875 0.071875
0 0.16171875 0.0421875 0.04140625 0.04921875
0 0.3671875 0.6515625 0.04140625 0.03359375
0 0.14921875 0.55234375 0.0421875 0.0515625
0 0.2234375 0.8609375 0.04375 0.0625
0 0.91171875 0.15234375 0.01640625 0.065625
0 0.5234375 0.25546875 0.03984375 0.03515625
0 0.13359375 0.83828125 0.0359375 0.06953125
0 0.5921875 0.478125 0.0203125 0.065625
0 0.56484375 0.64140625 0.040625 0.0453125
0 0.21328125 0.24609375 0.04375 0.053125
0 0.69765625 0.3375 0.0359375 0.0265625
0 0.359375 0.35 0.04296875 0.03515625
0 0.51328125 0.83828125 0.0421875 0.05546875
0 0.43203125 0.75546875 0.021875 0.07109375
0 0.73203125 0.07109375 0.034375 0.05703125
0 0.4234375 0.19921875 0.0265625 0.0734375
0 0.24296875 0.70078125 0.034375 0.065625
0 0.37109375 0.8734375 0.040625 0.03359375
0 0.74296875 0.215625 0.03046875 0.0671875
0 0.24765625 0.1046875 0.0296875 0.07265625
0 0.54609375 0.0484375 0.0375 0.0359375
0 0.803125 0.1578125 0.01953125 0.06484375
0 0.48125 0.41328125 0.02265625 0.071875
0 0.6609375 0.2296875 0.03359375 0.05234375
0 0.85234375 0.0546875 0.03671875 0.03125
0 0.47734375 0.1296875 0.01796875 0.075
0 0.89921875 0.6515625 0.034375 0.05859375
0 0.24140625 0.515625 0.0296875 0.07265625
0 0.34375 0.2578125 0.03984375 0.04296875
0 0.12734375 0.39609375 0.0328125 0.06875
0 0.12578125 0.1875 0.0296875 0.0734375
0 0.4890625 0.69296875 0.028125 0.07421875
0 0.59296875 0.1734375 0.01640625 0.06796875
0 0.69453125 0.54609375 0.03515625 0.0265625
0 0.73046875 0.82578125 0.0359375 0.04453125
0 0.59453125 0.784375 0.028125 0.071875
0 0.82265625 0.653125 0.0328125 0.06015625
0 0.8390625 0.5375 0.040625 0.034375
0 0.67734375 0.6359375 0.03125 0.04609375
0 0.65078125 0.7734375 0.02890625 0.071875
0 0.871875 0.33984375 0.0359375 0.03359375
0 0.8609375 0.25390625 0.03671875 0.03046875
0 0.90078125 0.796875 0.0359375 0.0609375
0 0.8234375 0.79765625 0.03515625 0.05546875
0 0.75546875 0.4421875 0.01640625 0.0609375
0 0.9078125 0.46875 0.025 0.06875
0 0.8015625 0.41171875 0.0203125 0.06796875
0 0.75546875 0.6828125 0.02578125 0.06640625
0 0.65 0.0875 0.02734375 0.0625
0 0.63984375 0.43671875 0.0171875 0.07265625
0 0.51796875 0.54765625 0.0359375 0.034375