0 0.559375 0.80390625 0.03046875 0.08046875
0 0.13125 0.0890625 0.0328125 0.0421875
0 0.50078125 0.809375 0.03046875 0.07421875
0 0.32265625 0.0890625 0.03515625 0.0390625
0 0.67421875 0.725 0.03046875 0.078125
0 0.396875 0.70546875 0.02890625 0.0703125
0 0.090625 0.4 0.02734375 0.06171875
0 0.2875 0.3609375 0.0375 0.02890625
0 0.1 0.64609375 0.034375 0.05
0 0.4203125 0.85 0.040625 0.053125
0 0.471875 0.0765625 0.034375 0.03125
0 0.25 0.14921875 0.0234375 0.06484375
0 0.47734375 0.66015625 0.04140625 0.05
0 0.175 0.68125 0.03125 0.06015625
0 0.66015625 0.0890625 0.03671875 0.05859375
0 0.284375 0.6484375 0.0375 0.02734375
0 0.59453125 0.6609375 0.04375 0.053125
0 0.19921875 0.14140625 0.02578125 0.06640625
0 0.16640625 0.265625 0.03671875 0.04921875
0 0.63984375 0.87265625 0.04375 0.0546875
0 0.0984375 0.21640625 0.02265625 0.06171875
0 0.16640625 0.36875 0.03671875 0.04921875
0 0.1046875 0.53984375 0.03359375 0.04921875
0 0.5828125 0.253125 0.0359375 0.05546875
0 0.43203125 0.55859375 0.03671875 0.04140625
0 0.57578125 0.1109375 0.034375 0.06875
0 0.39921875 0.428125 0.0234375 0.06640625
0 0.0796875 0.7890625 0.02734375 0.0640625
0 0.403125 0.1578125 0.0171875 0.065625
0 0.34765625 0.4578125 0.01796875 0.06484375
0 0.79765625 0.065625 0.03984375 0.03125
0 0.225 0.7546875 0.015625 0.071875
0 0.2796875 0.27734375 0.0359375 0.0359375
0 0.34140625 0.75234375 0.01796875 0.06796875
0 0.50703125 0.50078125 0.025 0.0734375
0 0.4453125 0.278125 0.03671875 0.03125
0 0.6109375 0.5734375 0.0390625 0.028125
0 0.234375 0.4703125 0.01640625 0.06484375
0 0.621875 0.36015625 0.0421875 0.028125
0 0.1796875 0.5078125 0.02734375 0.06328125
0 0.81484375 0.37109375 0.040625 0.03828125
0 0.2921875 0.5671875 0.03671875 0.03046875
0 0.74765625 0.85859375 0.0359375 0.06640625
0 0.15390625 0.82578125 0.03671875 0.05390625
0 0.67109375 0.23984375 0.03203125 0.06953125
0 0.34921875 0.221875 0.02109375 0.0671875
0 0.51484375 0.2 0.0203125 0.071875
0 0.55703125 0.45859375 0.01484375 0.065625
0 0.67890625 0.47578125 0.01484375 0.065625
0 0.73671875 0.17578125 0.01953125 0.0703125
0 0.28125 0.86328125 0.0359375 0.02734375
0 0.75078125 0.69765625 0.0359375 0.06328125
0 0.86640625 0.16875 0.01796875 0.06796875
0 0.47265625 0.36640625 0.0390625 0.0421875
0 0.84140625 0.87421875 0.0390625 0.06015625
0 0.73125 0.43984375 0.02265625 0.07109375
0 0.80234375 0.27890625 0.04296875 0.03515625
0 0.77109375 0.578125 0.03984375 0.0375
0 0.84453125 0.71328125 0.03984375 0.07265625
0 0.85625 0.51328125 0.0265625 0.07421875