0 0.203125 0.14453125 0.04375 0.05
0 0.1703125 0.27421875 0.025 0.075
0 0.1640625 0.4609375 0.0328125 0.07421875
0 0.18046875 0.6046875 0.03828125 0.06171875
0 0.17265625 0.7140625 0.04140625 0.06875
0 0.153125 0.853125 0.02890625 0.07734375
0 0.23046875 0.896875 0.0359375 0.0546875
0 0.25 0.74765625 0.03671875 0.07265625
0 0.3578125 0.72734375 0.04921875 0.0390625
0 0.30234375 0.834375 0.02109375 0.0828125
0 0.35625 0.934375 0.046875 0.04765625
0 0.41484375 0.825 0.01796875 0.08671875
0 0.47265625 0.79296875 0.028125 0.0796875
0 0.4921875 0.9375 0.04765625 0.05859375
0 0.57421875 0.896875 0.025 0.078125
0 0.54921875 0.75234375 0.04765625 0.05234375
0 0.66875 0.76796875 0.04375 0.05234375
0 0.6359375 0.90234375 0.02890625 0.0921875
0 0.7171875 0.97265625 0.04375 0.05
0 0.7515625 0.8296875 0.0296875 0.08671875
0 0.8265625 0.8125 0.03984375 0.06953125
0 0.8234375 0.9640625 0.03984375 0.07109375
0 0.91875 0.83046875 0.0359375 0.0796875
0 0.8984375 0.4859375 0.05078125 0.05
0 0.815625 0.546875 0.02890625 0.08046875
0 0.85234375 0.68984375 0.0515625 0.05546875
0 0.93984375 0.62265625 0.0328125 0.08515625
0 0.96171875 0.27109375 0.02265625 0.0828125
0 0.89375 0.1671875 0.0546875 0.04453125
0 0.89296875 0.38515625 0.05703125 0.040625
0 0.82734375 0.27578125 0.0265625 0.08671875
0 0.7515625 0.184375 0.0421875 0.07109375
0 0.66484375 0.196875 0.0421875 0.0796875
0 0.66796875 0.3421875 0.04140625 0.05859375
0 0.75703125 0.3328125 0.03828125 0.07421875
0 0.70390625 0.46015625 0.05 0.040625
0 0.6359375 0.55546875 0.0234375 0.09453125
0 0.7609375 0.5765625 0.01953125 0.08828125
0 0.6921875 0.675 0.05078125 0.04375
0 0.50546875 0.646875 0.04453125 0.05
0 0.58515625 0.5921875 0.02421875 0.08046875
0 0.5484375 0.4546875 0.053125 0.04453125
0 0.47578125 0.509375 0.0296875 0.0828125
0 0.42421875 0.5390625 0.02578125 0.07421875
0 0.365625 0.4390625 0.05546875 0.03125
0 0.37109375 0.6421875 0.040625 0.0359375
0 0.309375 0.54375 0.0265625 0.075
0 0.25546875 0.578125 0.03359375 0.071875
0 0.24140625 0.43828125 0.04140625 0.05546875
0 0.3265625 0.2203125 0.0296875 0.0796875
0 0.35625 0.34921875 0.0421875 0.05546875
0 0.4296875 0.3 0.02578125 0.090625
0 0.40078125 0.1609375 0.04296875 0.04609375
0 0.48515625 0.2359375 0.0234375 0.08671875
0 0.55625 0.15703125 0.04140625 0.04140625
0 0.5984375 0.284375 0.02109375 0.08515625
0 0.52109375 0.3625 0.04609375 0.04140625
0 0.27421875 0.20546875 0.028125 0.07109375
0 0.24296875 0.3359375 0.04296875 0.04921875
0 0.91953125 0.978125 0.034375 0.04375