0 0.1390625 0.5046875 0.0296875 0.04453125
0 0.296875 0.6125 0.0359375 0.0234375
0 0.19765625 0.64140625 0.02734375 0.0609375
0 0.11015625 0.7359375 0.02265625 0.059375
0 0.1984375 0.35078125 0.0328125 0.04765625
0 0.50546875 0.48125 0.021875 0.06328125
0 0.30625 0.53671875 0.03359375 0.028125
0 0.3984375 0.67265625 0.0265625 0.06484375
0 0.2328125 0.14375 0.021875 0.05703125
0 0.34453125 0.096875 0.03125 0.03359375
0 0.86171875 0.1671875 0.01640625 0.0671875
0 0.34609375 0.71328125 0.015625 0.06328125
0 0.3015625 0.26953125 0.03203125 0.03359375
0 0.28984375 0.8125 0.03359375 0.02578125
0 0.40625 0.41171875 0.021875 0.0609375
0 0.20234375 0.25703125 0.03203125 0.04296875
0 0.47421875 0.63359375 0.0375 0.0453125
0 0.17578125 0.771875 0.03203125 0.04765625
0 0.434375 0.5359375 0.03203125 0.0328125
0 0.7328125 0.175 0.01796875 0.0703125
0 0.30546875 0.34921875 0.0375 0.0265625
0 0.67109375 0.4640625 0.01796875 0.0703125
0 0.27890625 0.15234375 0.02109375 0.05625
0 0.80625 0.36484375 0.04375 0.04140625
0 0.41875 0.8140625 0.034375 0.04609375
0 0.175 0.09921875 0.03046875 0.03828125
0 0.4765625 0.3546875 0.03671875 0.03828125
0 0.61796875 0.35 0.03828125 0.0328125
0 0.60390625 0.5546875 0.03984375 0.034375
0 0.51875 0.196875 0.0203125 0.06640625
0 0.3671875 0.21875 0.01875 0.06171875
0 0.7609375 0.56484375 0.03984375 0.0421875
0 0.13125 0.37890625 0.0265625 0.05625
0 0.2078125 0.47890625 0.02578125 0.059375
0 0.66484375 0.23671875 0.03359375 0.06796875
0 0.58671875 0.64140625 0.0421875 0.04921875
0 0.4953125 0.775 0.02890625 0.07109375
0 0.6609375 0.09453125 0.03515625 0.05703125
0 0.85 0.5046875 0.02578125 0.07109375
0 0.834375 0.7 0.0390625 0.0671875
0 0.725 0.4296875 0.0234375 0.071875
0 0.83125 0.865625 0.0390625 0.06171875
0 0.2421875 0.7109375 0.015625 0.0703125
0 0.55078125 0.7765625 0.028125 0.07890625
0 0.1328125 0.60234375 0.03125 0.04296875
0 0.14375 0.21328125 0.01953125 0.05390625
0 0.665625 0.70625 0.03046875 0.075
0 0.415625 0.159375 0.0171875 0.0578125
0 0.7390625 0.68671875 0.0375 0.06171875
0 0.628125 0.84765625 0.04453125 0.05390625
0 0.58359375 0.24921875 0.03515625 0.05703125
0 0.79453125 0.06796875 0.040625 0.03046875
0 0.3578125 0.4359375 0.015625 0.06171875
0 0.45390625 0.26953125 0.0328125 0.02890625
0 0.79609375 0.27421875 0.04375 0.0375
0 0.73515625 0.83984375 0.03671875 0.06953125
0 0.48125 0.0828125 0.034375 0.0296875
0 0.55390625 0.44453125 0.01640625 0.06953125
0 0.2546875 0.45625 0.0125 0.0359375