0 0.453125 0.340625 0.040625 0.04140625
0 0.2203125 0.43984375 0.0234375 0.07421875
0 0.090625 0.50234375 0.0328125 0.04765625
0 0.2671875 0.2546875 0.034375 0.03515625
0 0.16484375 0.4734375 0.028125 0.059375
0 0.08046875 0.36875 0.028125 0.06171875
0 0.275 0.334375 0.0375 0.028125
0 0.31171875 0.078125 0.03359375 0.0375
0 0.1578125 0.64453125 0.02890625 0.06328125
0 0.1265625 0.07578125 0.03359375 0.03984375
0 0.1578125 0.2421875 0.03515625 0.04609375
0 0.27578125 0.53125 0.0359375 0.0296875
0 0.26640625 0.609375 0.0359375 0.02734375
0 0.33828125 0.20234375 0.01953125 0.0625
0 0.06015625 0.75078125 0.0265625 0.065625
0 0.73671875 0.540625 0.03984375 0.03828125
0 0.33125 0.428125 0.0171875 0.0640625
0 0.38203125 0.39921875 0.02421875 0.0625
0 0.41171875 0.5234375 0.0375 0.03828125
0 0.759375 0.06484375 0.0375 0.02890625
0 0.55390625 0.10234375 0.0328125 0.06015625
0 0.321875 0.71328125 0.01640625 0.06875
0 0.70234375 0.165625 0.01875 0.06484375
0 0.19140625 0.125 0.025 0.06328125
0 0.23984375 0.13359375 0.0234375 0.05859375
0 0.59453125 0.33515625 0.0390625 0.0296875
0 0.42734375 0.25625 0.0359375 0.02734375
0 0.58359375 0.5359375 0.03671875 0.0265625
0 0.49375 0.18359375 0.01953125 0.06796875
0 0.82265625 0.159375 0.0171875 0.06171875
0 0.71484375 0.81015625 0.03984375 0.06796875
0 0.5359375 0.76171875 0.03046875 0.0765625
0 0.4859375 0.46953125 0.025 0.0671875
0 0.69921875 0.4109375 0.02109375 0.0671875
0 0.45546875 0.62265625 0.03984375 0.05
0 0.64140625 0.22265625 0.0296875 0.065625
0 0.77578125 0.34765625 0.040625 0.0375
0 0.1546875 0.33828125 0.03515625 0.0484375
0 0.47890625 0.76640625 0.03125 0.07421875
0 0.80703125 0.66953125 0.0390625 0.06484375
0 0.65 0.44453125 0.015625 0.06875
0 0.5578125 0.23359375 0.0359375 0.05390625
0 0.0828125 0.6109375 0.03515625 0.0484375
0 0.63359375 0.08515625 0.03515625 0.05390625
0 0.2625 0.8203125 0.0375 0.02734375
0 0.81796875 0.48046875 0.02421875 0.06796875
0 0.76484375 0.26015625 0.0421875 0.03671875
0 0.09140625 0.19296875 0.0203125 0.06015625
0 0.2078125 0.71328125 0.01640625 0.065625
0 0.453125 0.06875 0.034375 0.02890625
0 0.64609375 0.68359375 0.028125 0.06875
0 0.39921875 0.8078125 0.040625 0.05546875
0 0.71875 0.66171875 0.03671875 0.0625
0 0.134375 0.7875 0.034375 0.053125
0 0.53359375 0.428125 0.01484375 0.06484375
0 0.37734375 0.66640625 0.03046875 0.06953125
0 0.6140625 0.82578125 0.0421875 0.05390625
0 0.80625 0.8265625 0.0390625 0.06328125
0 0.3875 0.14375 0.0171875 0.06171875
0 0.5703125 0.62265625 0.040625 0.0484375