1 0.18125 0.11796875 0.078125 0.025
1 0.109375 0.18125 0.0390625 0.0390625
1 0.284375 0.159375 0.034375 0.0453125
1 0.19453125 0.2265625 0.05703125 0.03125
1 0.55390625 0.15 0.05 0.04296875
1 0.490625 0.08046875 0.07890625 0.0265625
1 0.36796875 0.1296875 0.04609375 0.03671875
1 0.42265625 0.1984375 0.07734375 0.02578125
1 0.6828125 0.084375 0.0625 0.03515625
1 0.846875 0.0765625 0.06640625 0.0375
1 0.8359375 0.165625 0.05546875 0.04296875
1 0.67109375 0.16953125 0.0671875 0.0296875
1 0.15703125 0.28359375 0.06484375 0.02421875
1 0.10234375 0.35625 0.03125 0.0328125
1 0.27109375 0.3125 0.053125 0.04296875
1 0.21484375 0.38828125 0.05859375 0.03046875
1 0.35234375 0.3296875 0.04140625 0.0375
1 0.42734375 0.25546875 0.078125 0.025
1 0.47109375 0.37265625 0.0765625 0.0265625
1 0.553125 0.296875 0.05859375 0.046875
1 0.71015625 0.2484375 0.078125 0.03671875
1 0.8609375 0.27421875 0.06015625 0.05078125
1 0.79140625 0.36171875 0.08359375 0.03359375
1 0.64375 0.33359375 0.0453125 0.040625
1 0.23203125 0.46015625 0.06328125 0.0375
1 0.109375 0.453125 0.06484375 0.034375
1 0.09921875 0.53125 0.0484375 0.03515625
1 0.22421875 0.53828125 0.05078125 0.03125
1 0.3453125 0.4984375 0.04296875 0.04609375
1 0.41796875 0.428125 0.071875 0.02890625
1 0.53515625 0.4734375 0.04296875 0.046875
1 0.45546875 0.54140625 0.06875 0.0359375
1 0.6625 0.528125 0.06875 0.03515625
1 0.66640625 0.4390625 0.0671875 0.040625
1 0.83046875 0.43828125 0.0765625 0.03984375
1 0.83046875 0.53046875 0.06328125 0.03984375
1 0.10078125 0.61171875 0.05859375 0.03046875
1 0.23046875 0.61796875 0.05703125 0.03046875
1 0.3296875 0.64453125 0.03203125 0.04609375
1 0.2234375 0.70078125 0.0546875 0.0328125
1 0.0921875 0.68984375 0.05234375 0.03359375
1 0.440625 0.59453125 0.08125 0.01796875
1 0.41640625 0.715625 0.0703125 0.02578125
1 0.5359375 0.665625 0.0390625 0.04453125
1 0.61875 0.66484375 0.0359375 0.046875
1 0.72421875 0.59921875 0.0859375 0.02109375
1 0.85546875 0.6671875 0.0484375 0.05
1 0.73828125 0.7328125 0.090625 0.025
1 0.14765625 0.76171875 0.08359375 0.0234375
1 0.065625 0.81953125 0.0359375 0.04453125
1 0.1703125 0.8828125 0.06640625 0.01953125
1 0.2515625 0.82421875 0.046875 0.04140625
1 0.34375 0.79296875 0.0546875 0.04140625
1 0.48671875 0.78125 0.06875 0.03984375
1 0.3734375 0.8828125 0.07734375 0.0328125
1 0.5203125 0.875 0.0453125 0.0375
1 0.62265625 0.8453125 0.03828125 0.0484375
1 0.74140625 0.78515625 0.08359375 0.0265625
1 0.8625 0.8671875 0.040625 0.046875
1 0.73984375 0.9234375 0.08125 0.0265625