0 0.13515625 0.234375 0.04375 0.05546875
0 0.325 0.24921875 0.04765625 0.05234375
0 0.475 0.2375 0.053125 0.04765625
0 0.66875 0.25390625 0.04921875 0.0609375
0 0.81171875 0.23125 0.0609375 0.0421875
0 0.1890625 0.51875 0.046875 0.04453125
0 0.29921875 0.51796875 0.04921875 0.03671875
0 0.4765625 0.5296875 0.04765625 0.05546875
0 0.62265625 0.53828125 0.05234375 0.04453125
0 0.81796875 0.559375 0.05078125 0.04609375
0 0.146875 0.7703125 0.0375 0.053125
0 0.30703125 0.78359375 0.0421875 0.0359375
0 0.4828125 0.80546875 0.03984375 0.053125
0 0.5890625 0.8203125 0.04609375 0.053125
0 0.66796875 0.884375 0.0296875 0.0828125
0 0.7421875 0.865625 0.03828125 0.0609375
0 0.83046875 0.884375 0.0453125 0.06875
0 0.5625 0.9453125 0.02734375 0.071875
0 0.5078125 0.93828125 0.02265625 0.06953125
0 0.4125 0.84296875 0.0296875 0.06171875
0 0.4390625 0.96875 0.03828125 0.0515625
0 0.3625 0.878125 0.0171875 0.08359375
0 0.31640625 0.96171875 0.034375 0.04453125
0 0.2625 0.86796875 0.0171875 0.0796875
0 0.20625 0.91796875 0.0328125 0.0546875
0 0.14140625 0.8890625 0.02734375 0.06015625
0 0.21328125 0.7984375 0.02421875 0.04375
0 0.12734375 0.53984375 0.0296875 0.071875
0 0.2046875 0.290625 0.02734375 0.071875
0 0.1171875 0.36328125 0.02890625 0.07734375
0 0.18515625 0.41953125 0.03359375 0.04609375
0 0.25546875 0.30546875 0.02734375 0.07265625
0 0.28671875 0.43359375 0.0453125 0.05546875
0 0.35703125 0.38359375 0.01953125 0.071875
0 0.40625 0.3171875 0.02421875 0.08515625
0 0.453125 0.4421875 0.04921875 0.05234375
0 0.5171875 0.36640625 0.01875 0.07734375
0 0.671875 0.4125 0.03515625 0.08671875
0 0.584375 0.4265625 0.0453125 0.06875
0 0.58046875 0.27578125 0.0328125 0.08828125
0 0.74296875 0.353125 0.0328125 0.0921875
0 0.88359375 0.346875 0.02890625 0.08359375
0 0.80859375 0.465625 0.06015625 0.0359375
0 0.7328125 0.61875 0.0375 0.0890625
0 0.76640625 0.75625 0.05 0.0578125
0 0.85390625 0.69453125 0.0328125 0.08359375
0 0.6765625 0.64765625 0.03125 0.0796875
0 0.61328125 0.73828125 0.05859375 0.04140625
0 0.5578125 0.62734375 0.02890625 0.0890625
0 0.5078125 0.65859375 0.028125 0.08828125
0 0.440625 0.7140625 0.04375 0.046875
0 0.40625 0.59296875 0.02734375 0.08203125
0 0.3609375 0.61484375 0.021875 0.0765625
0 0.31640625 0.70703125 0.04140625 0.040625
0 0.25703125 0.6171875 0.0234375 0.0765625
0 0.21015625 0.65078125 0.0296875 0.07109375
0 0.14609375 0.66875 0.03671875 0.05234375