0 0.19453125 0.0921875 0.03671875 0.04765625
0 0.1625 0.20859375 0.021875 0.06171875
0 0.22578125 0.25703125 0.034375 0.04765625
0 0.2546875 0.13671875 0.02890625 0.065625
0 0.3734375 0.08828125 0.0375 0.0421875
0 0.3046875 0.14921875 0.02578125 0.06875
0 0.3328125 0.26875 0.03671875 0.0390625
0 0.403125 0.2140625 0.021875 0.06875
0 0.5140625 0.075 0.0421875 0.03515625
0 0.44921875 0.15703125 0.01953125 0.06875
0 0.490625 0.26796875 0.040625 0.03359375
0 0.55859375 0.18984375 0.01875 0.0765625
0 0.1515625 0.38125 0.02734375 0.06015625
0 0.1625 0.51484375 0.03671875 0.05078125
0 0.2359375 0.48515625 0.02890625 0.0625
0 0.22421875 0.35078125 0.03671875 0.05234375
0 0.3390625 0.35234375 0.04140625 0.03359375
0 0.2875 0.453125 0.01796875 0.0703125
0 0.34296875 0.5390625 0.040625 0.03671875
0 0.39296875 0.43515625 0.0203125 0.078125
0 0.44296875 0.41640625 0.02421875 0.0703125
0 0.47578125 0.53984375 0.03984375 0.0390625
0 0.5484375 0.4765625 0.021875 0.07421875
0 0.5140625 0.35234375 0.0421875 0.03984375
0 0.1546875 0.6203125 0.03984375 0.05390625
0 0.13515625 0.76015625 0.03046875 0.07109375
0 0.20625 0.79140625 0.03359375 0.053125
0 0.2265625 0.65078125 0.03125 0.06484375
0 0.33125 0.6234375 0.04375 0.034375
0 0.27421875 0.72578125 0.01875 0.07890625
0 0.3296875 0.83046875 0.040625 0.0328125
0 0.3859375 0.72421875 0.021875 0.07734375
0 0.440625 0.68203125 0.02734375 0.07421875
0 0.4625 0.82734375 0.0421875 0.05625
0 0.54296875 0.78046875 0.02578125 0.078125
0 0.515625 0.640625 0.04375 0.04765625
0 0.6328125 0.646875 0.0421875 0.0515625
0 0.6 0.78828125 0.03125 0.08203125
0 0.68203125 0.8515625 0.04296875 0.0515625
0 0.7140625 0.703125 0.03125 0.0828125
0 0.7890625 0.684375 0.0375 0.06953125
0 0.78984375 0.84609375 0.0390625 0.075
0 0.88515625 0.85625 0.03671875 0.06875
0 0.88359375 0.69296875 0.040625 0.071875
0 0.896875 0.496875 0.02890625 0.0796875
0 0.85078125 0.35703125 0.04765625 0.04296875
0 0.7703125 0.4265625 0.025 0.07421875
0 0.8125 0.5625 0.04453125 0.04296875
0 0.71796875 0.45625 0.0171875 0.08515625
0 0.659375 0.3453125 0.0484375 0.03203125
0 0.596875 0.44453125 0.0203125 0.08125
0 0.65078125 0.5546875 0.0421875 0.03359375
0 0.61796875 0.109375 0.0296875 0.065625
0 0.7 0.08671875 0.040625 0.0546875
0 0.6265625 0.25078125 0.03671875 0.05625
0 0.7109375 0.228125 0.03125 0.06484375
0 0.7765625 0.17421875 0.0234375 0.0734375
0 0.84296875 0.2703125 0.05 0.04453125
0 0.90234375 0.159375 0.0203125 0.08125
0 0.83515625 0.065625 0.04765625 0.0390625