0 0.29140625 0.4625 0.0390625 0.03125
0 0.19453125 0.23203125 0.028125 0.06640625
0 0.1234375 0.1734375 0.03515625 0.04375
0 0.3453125 0.8453125 0.01796875 0.06640625
0 0.29765625 0.66640625 0.03515625 0.028125
0 0.11015625 0.7375 0.0328125 0.05078125
0 0.11328125 0.634375 0.03359375 0.046875
0 0.47421875 0.4734375 0.0375 0.03984375
0 0.18515625 0.7734375 0.03203125 0.06171875
0 0.16875 0.90859375 0.03203125 0.04921875
0 0.66875 0.19453125 0.0375 0.06328125
0 0.16640625 0.3609375 0.03515625 0.0453125
0 0.2796875 0.378125 0.03515625 0.0390625
0 0.16875 0.4671875 0.03671875 0.04765625
0 0.35078125 0.56015625 0.01875 0.0671875
0 0.44609375 0.38203125 0.0375 0.0359375
0 0.80703125 0.396875 0.04296875 0.0328125
0 0.87578125 0.28203125 0.01875 0.075
0 0.40078125 0.5328125 0.02421875 0.0671875
0 0.478125 0.76484375 0.0390625 0.05
0 0.809375 0.171875 0.0421875 0.03203125
0 0.23828125 0.56875 0.01640625 0.06328125
0 0.40390625 0.25546875 0.01796875 0.06953125
0 0.096875 0.87265625 0.028125 0.059375
0 0.290625 0.746875 0.03671875 0.02890625
0 0.1859375 0.60546875 0.025 0.0609375
0 0.2359375 0.8453125 0.015625 0.06328125
0 0.73984375 0.9640625 0.03515625 0.065625
0 0.35078125 0.32265625 0.021875 0.0671875
0 0.6375 0.96953125 0.0390625 0.04921875
0 0.32265625 0.1828125 0.03671875 0.040625
0 0.24765625 0.2453125 0.02265625 0.06953125
0 0.4734375 0.17421875 0.03671875 0.0359375
0 0.09609375 0.30859375 0.0234375 0.06484375
0 0.61015625 0.68125 0.04140625 0.03125
0 0.0953125 0.49296875 0.0265625 0.06171875
0 0.74609375 0.81171875 0.03515625 0.06015625
0 0.81484375 0.490625 0.04296875 0.0375
0 0.42421875 0.94453125 0.03828125 0.0484375
0 0.2921875 0.94765625 0.03828125 0.02890625
0 0.6734375 0.3484375 0.03359375 0.0703125
0 0.58203125 0.20859375 0.03984375 0.071875
0 0.51640625 0.30546875 0.02265625 0.0703125
0 0.59296875 0.76953125 0.0421875 0.0515625
0 0.559375 0.90234375 0.0296875 0.075
0 0.8359375 0.825 0.03671875 0.0625
0 0.76875 0.69453125 0.03984375 0.040625
0 0.83046875 0.97421875 0.0390625 0.0515625
0 0.4 0.803125 0.0265625 0.0671875
0 0.74375 0.2875 0.01796875 0.0765625
0 0.621875 0.471875 0.040625 0.0296875
0 0.50859375 0.60546875 0.0265625 0.07109375
0 0.4359375 0.66328125 0.03828125 0.04140625
0 0.67109375 0.834375 0.028125 0.06953125
0 0.50234375 0.903125 0.02578125 0.06875
0 0.7328125 0.5546875 0.0234375 0.06953125
0 0.584375 0.36015625 0.0390625 0.06328125
0 0.5578125 0.5671875 0.0171875 0.0734375
0 0.67890625 0.58984375 0.015625 0.071875
0 0.85390625 0.6296875 0.028125 0.07109375