1 0.26640625 0.0796875 0.06875 0.040625
1 0.10234375 0.07890625 0.06171875 0.0390625
1 0.1015625 0.17109375 0.06640625 0.03515625
1 0.2640625 0.17265625 0.05703125 0.03984375
1 0.45390625 0.0625 0.0671875 0.028125
1 0.40234375 0.15078125 0.053125 0.0390625
1 0.55625 0.1796875 0.06484375 0.03515625
1 0.6046875 0.090625 0.059375 0.04375
1 0.871875 0.0625 0.0703125 0.02578125
1 0.71875 0.09609375 0.04453125 0.0390625
1 0.93125 0.14921875 0.046875 0.04453125
1 0.778125 0.18359375 0.07578125 0.0234375
1 0.76796875 0.25234375 0.06640625 0.03359375
1 0.92421875 0.26875 0.06328125 0.03828125
1 0.73671875 0.3421875 0.05859375 0.034375
1 0.8953125 0.3578125 0.06796875 0.03515625
1 0.56953125 0.24765625 0.071875 0.028125
1 0.4140625 0.27265625 0.0484375 0.03984375
1 0.6125 0.33671875 0.04765625 0.0421875
1 0.4609375 0.36171875 0.07109375 0.02734375
1 0.28125 0.26328125 0.06640625 0.03828125
1 0.11796875 0.26015625 0.06328125 0.03828125
1 0.1140625 0.353125 0.06328125 0.0359375
1 0.2765625 0.35703125 0.053125 0.03828125
1 0.121875 0.43828125 0.0625 0.03515625
1 0.2828125 0.45 0.065625 0.034375
1 0.10390625 0.5265625 0.059375 0.03515625
1 0.26171875 0.5375 0.0578125 0.034375
1 0.4984375 0.42109375 0.06796875 0.01953125
1 0.396875 0.48671875 0.0328125 0.04140625
1 0.61484375 0.4765625 0.03984375 0.0421875
1 0.5140625 0.54296875 0.07109375 0.0234375
1 0.775 0.4265625 0.0734375 0.0296875
1 0.921875 0.4609375 0.05078125 0.0390625
1 0.859375 0.540625 0.07265625 0.02890625
1 0.7125 0.5046875 0.053125 0.03828125
1 0.9140625 0.62734375 0.05390625 0.03515625
1 0.7609375 0.603125 0.0640625 0.03125
1 0.72109375 0.6890625 0.0546875 0.040625
1 0.8765625 0.7125 0.06796875 0.03125
1 0.50625 0.59296875 0.0734375 0.01640625
1 0.61484375 0.65625 0.0296875 0.0390625
1 0.39609375 0.65546875 0.03125 0.04296875
1 0.50546875 0.71953125 0.0734375 0.01484375
1 0.28671875 0.6296875 0.0578125 0.0328125
1 0.13125 0.61171875 0.07109375 0.034375
1 0.09453125 0.69921875 0.053125 0.03984375
1 0.2515625 0.71640625 0.05859375 0.03046875
1 0.21953125 0.78046875 0.07578125 0.02109375
1 0.51328125 0.77109375 0.07734375 0.01953125
1 0.75859375 0.78046875 0.071875 0.03671875
1 0.91328125 0.8 0.05859375 0.03828125
1 0.87578125 0.8859375 0.06875 0.03046875
1 0.7265625 0.86953125 0.06328125 0.04375
1 0.6125 0.83515625 0.02890625 0.0390625
1 0.396875 0.828125 0.0328125 0.04375
1 0.5 0.89296875 0.078125 0.015625
1 0.28984375 0.86015625 0.0359375 0.03828125
1 0.15234375 0.9 0.0734375 0.025
1 0.07578125 0.8234375 0.04765625 0.0484375