0 0.4703125 0.5015625 0.040625 0.04296875
0 0.178125 0.6296875 0.0265625 0.059375
0 0.39453125 0.56171875 0.02421875 0.06953125
0 0.2703125 0.40078125 0.03671875 0.03984375
0 0.28984375 0.69453125 0.0359375 0.02734375
0 0.10625 0.75859375 0.03515625 0.05
0 0.16640625 0.93046875 0.0296875 0.04296875
0 0.109375 0.18671875 0.03828125 0.04453125
0 0.675 0.38203125 0.03359375 0.071875
0 0.58828125 0.8078125 0.04296875 0.04921875
0 0.10390625 0.65625 0.034375 0.0453125
0 0.15390625 0.38359375 0.03515625 0.0453125
0 0.28125 0.4890625 0.0375 0.028125
0 0.76875 0.7390625 0.04296875 0.04609375
0 0.34453125 0.34609375 0.02109375 0.0671875
0 0.08359375 0.3265625 0.025 0.06484375
0 0.43984375 0.40859375 0.03828125 0.034375
0 0.5125 0.3328125 0.02109375 0.06953125
0 0.66953125 0.21796875 0.0390625 0.06796875
0 0.15859375 0.4890625 0.0359375 0.04453125
0 0.88828125 0.31640625 0.01796875 0.07421875
0 0.2359375 0.259375 0.02265625 0.0671875
0 0.55390625 0.94140625 0.02734375 0.07265625
0 0.309375 0.20078125 0.0390625 0.0421875
0 0.39609375 0.278125 0.01953125 0.071875
0 0.18203125 0.24921875 0.0296875 0.06484375
0 0.34296875 0.58828125 0.01875 0.06484375
0 0.58046875 0.23359375 0.0390625 0.0765625
0 0.28828125 0.97265625 0.03671875 0.03125
0 0.7484375 0.3171875 0.01796875 0.07890625
0 0.60859375 0.71875 0.04296875 0.03359375
0 0.5828125 0.38984375 0.03984375 0.0671875
0 0.6671875 0.8734375 0.02734375 0.06953125
0 0.47265625 0.79765625 0.040625 0.05078125
0 0.4203125 0.9734375 0.03671875 0.04765625
0 0.28359375 0.77421875 0.0359375 0.0296875
0 0.3421875 0.87265625 0.0171875 0.06328125
0 0.81796875 0.19921875 0.0484375 0.03359375
0 0.09453125 0.890625 0.02734375 0.05859375
0 0.49765625 0.9359375 0.02421875 0.0671875
0 0.55390625 0.59921875 0.01796875 0.06875
0 0.74375 0.85546875 0.03671875 0.0625
0 0.3953125 0.8359375 0.02421875 0.06484375
0 0.81328125 0.43515625 0.04375 0.02734375
0 0.42890625 0.696875 0.03828125 0.0421875
0 0.5046875 0.63828125 0.0265625 0.06953125
0 0.68046875 0.6265625 0.01796875 0.07109375
0 0.46796875 0.19296875 0.0390625 0.034375
0 0.23046875 0.59765625 0.01796875 0.06484375
0 0.6234375 0.50859375 0.0421875 0.0296875
0 0.83515625 0.871875 0.03515625 0.06328125
0 0.0859375 0.51328125 0.0265625 0.06015625
0 0.175 0.79140625 0.025 0.046875
0 0.734375 0.59375 0.0265625 0.07109375
0 0.82109375 0.53203125 0.04375 0.040625
0 0.2328125 0.8703125 0.0171875 0.065625
0 0.85859375 0.6796875 0.0296875 0.0734375