0 0.18046875 0.23125 0.04375 0.06171875
0 0.15703125 0.3703125 0.03671875 0.0828125
0 0.22734375 0.42265625 0.04453125 0.05234375
0 0.31328125 0.3046875 0.03203125 0.08515625
0 0.25859375 0.2953125 0.0265625 0.0828125
0 0.38984375 0.24921875 0.04765625 0.06328125
0 0.42421875 0.3890625 0.0296875 0.09140625
0 0.34296875 0.43671875 0.05234375 0.0609375
0 0.47734375 0.31796875 0.0328125 0.1
0 0.54375 0.23515625 0.05546875 0.04765625
0 0.58828125 0.37109375 0.0296875 0.08515625
0 0.515625 0.446875 0.05390625 0.053125
0 0.65546875 0.28828125 0.03828125 0.09609375
0 0.746875 0.26640625 0.04453125 0.075
0 0.6609375 0.43046875 0.04765625 0.07734375
0 0.75234375 0.42109375 0.03671875 0.0796875
0 0.8265625 0.36640625 0.03125 0.0921875
0 0.89140625 0.2453125 0.05078125 0.0421875
0 0.9609375 0.36171875 0.03828125 0.10546875
0 0.89296875 0.478125 0.0609375 0.05234375
0 0.15703125 0.553125 0.03359375 0.08515625
0 0.17734375 0.6890625 0.04140625 0.05625
0 0.253125 0.6609375 0.03046875 0.0765625
0 0.234375 0.52734375 0.0390625 0.0546875
0 0.359375 0.53046875 0.0515625 0.03125
0 0.30625 0.63828125 0.0234375 0.0765625
0 0.365625 0.725 0.0484375 0.04609375
0 0.4203125 0.62578125 0.0265625 0.0859375
0 0.47109375 0.6 0.021875 0.078125
0 0.5453125 0.53828125 0.04375 0.03359375
0 0.5 0.7296875 0.05546875 0.0640625
0 0.57890625 0.67890625 0.03359375 0.08359375
0 0.62734375 0.6453125 0.028125 0.0890625
0 0.69921875 0.5453125 0.04921875 0.05625
0 0.75546875 0.665625 0.0328125 0.08828125
0 0.68515625 0.7625 0.05078125 0.04765625
0 0.809375 0.63359375 0.0375 0.078125
0 0.89921875 0.57734375 0.05546875 0.05234375
0 0.93671875 0.71328125 0.02734375 0.08671875
0 0.84296875 0.78828125 0.04765625 0.0546875
0 0.909375 0.909375 0.03515625 0.065625
0 0.81953125 0.89453125 0.04375 0.07109375
0 0.74375 0.91484375 0.03125 0.08203125
0 0.6609375 0.84296875 0.04921875 0.0578125
0 0.54375 0.83359375 0.05078125 0.06015625
0 0.46796875 0.8765625 0.02890625 0.09140625
0 0.41484375 0.91171875 0.02421875 0.0828125
0 0.3578125 0.815625 0.05390625 0.04375
0 0.303125 0.9125 0.01796875 0.08671875
0 0.25546875 0.83828125 0.03359375 0.07421875
0 0.175 0.80234375 0.03671875 0.0609375
0 0.1640625 0.93671875 0.03671875 0.08671875
0 0.23828125 0.96015625 0.03828125 0.06015625
0 0.57265625 0.965625 0.02734375 0.06875