0 0.18359375 0.1484375 0.03984375 0.0515625
0 0.15859375 0.26484375 0.02265625 0.0671875
0 0.1546875 0.42265625 0.02734375 0.07109375
0 0.16875 0.55078125 0.03671875 0.0578125
0 0.16640625 0.6453125 0.0328125 0.05859375
0 0.15234375 0.7734375 0.028125 0.06953125
0 0.215625 0.80390625 0.03359375 0.04765625
0 0.23125 0.67109375 0.0296875 0.06171875
0 0.325 0.6484375 0.04921875 0.04453125
0 0.27421875 0.74609375 0.021875 0.08359375
0 0.3265625 0.834375 0.040625 0.04140625
0 0.3734375 0.7375 0.01953125 0.08046875
0 0.42265625 0.69609375 0.02421875 0.08046875
0 0.44609375 0.834375 0.05234375 0.065625
0 0.51875 0.7890625 0.02421875 0.08359375
0 0.49296875 0.6546875 0.04375 0.05
0 0.60390625 0.6546875 0.0453125 0.05546875
0 0.57421875 0.7859375 0.0328125 0.09140625
0 0.653125 0.85 0.04296875 0.04921875
0 0.67890625 0.70859375 0.02734375 0.08203125
0 0.753125 0.69140625 0.03984375 0.07421875
0 0.7515625 0.83828125 0.0453125 0.078125
0 0.84765625 0.85234375 0.03671875 0.0640625
0 0.84765625 0.6953125 0.04375 0.07265625
0 0.771875 0.565625 0.0515625 0.05546875
0 0.85703125 0.503125 0.03515625 0.0890625
0 0.815625 0.37265625 0.0515625 0.0546875
0 0.7375 0.4375 0.02578125 0.08359375
0 0.68359375 0.47421875 0.02421875 0.090625
0 0.62734375 0.36640625 0.053125 0.0359375
0 0.56484375 0.4625 0.02109375 0.08828125
0 0.61953125 0.559375 0.05234375 0.06171875
0 0.51875 0.50546875 0.03515625 0.08046875
0 0.45234375 0.5609375 0.04140625 0.053125
0 0.42265625 0.44609375 0.02421875 0.08046875
0 0.48984375 0.38046875 0.046875 0.04921875
0 0.375 0.47265625 0.02734375 0.07421875
0 0.321875 0.38203125 0.0453125 0.0390625
0 0.33203125 0.56875 0.04453125 0.04375
0 0.28046875 0.48046875 0.0234375 0.075
0 0.23125 0.525 0.0296875 0.07265625
0 0.215625 0.38828125 0.0421875 0.05546875
0 0.240625 0.1828125 0.0296875 0.07421875
0 0.2171875 0.3078125 0.0375 0.0546875
0 0.31328125 0.31171875 0.0421875 0.0546875
0 0.28515625 0.1984375 0.028125 0.08828125
0 0.37890625 0.2453125 0.02734375 0.0796875
0 0.34921875 0.13046875 0.040625 0.04921875
0 0.42265625 0.1859375 0.025 0.078125
0 0.46015625 0.2984375 0.04765625 0.04765625
0 0.5234375 0.21796875 0.03359375 0.0859375
0 0.48125 0.10546875 0.0484375 0.0328125
0 0.5828125 0.13203125 0.0296875 0.0796875
0 0.59140625 0.26484375 0.0453125 0.0578125
0 0.6734375 0.2390625 0.03515625 0.0796875
0 0.665625 0.1046875 0.03828125 0.0578125
0 0.80703125 0.278125 0.046875 0.046875
0 0.87109375 0.1625 0.02421875 0.09375
0 0.8015625 0.0640625 0.05703125 0.040625
0 0.73984375 0.1859375 0.02578125 0.0921875