1 0.175 0.0625 0.07734375 0.02421875
1 0.0796875 0.1265625 0.0375 0.04140625
1 0.2890625 0.11953125 0.04140625 0.04609375
1 0.1953125 0.178125 0.0765625 0.0265625
1 0.384375 0.09921875 0.04296875 0.03671875
1 0.515625 0.06640625 0.08046875 0.0296875
1 0.58359375 0.1390625 0.0421875 0.0453125
1 0.453125 0.175 0.075 0.0265625
1 0.70546875 0.090625 0.0578125 0.03125
1 0.84921875 0.0984375 0.05859375 0.03671875
1 0.69921875 0.171875 0.06484375 0.03046875
1 0.846875 0.17734375 0.0578125 0.0375
1 0.14375 0.240625 0.08203125 0.025
1 0.45859375 0.23359375 0.07578125 0.0203125
1 0.73046875 0.2453125 0.0625 0.02578125
1 0.86796875 0.27421875 0.0453125 0.04296875
1 0.67890625 0.32109375 0.04765625 0.0390625
1 0.58359375 0.28046875 0.040625 0.046875
1 0.378125 0.3015625 0.046875 0.0421875
1 0.28046875 0.278125 0.06171875 0.04140625
1 0.07421875 0.31640625 0.053125 0.040625
1 0.21953125 0.353125 0.06640625 0.03125
1 0.50234375 0.34921875 0.0671875 0.025
1 0.81796875 0.35234375 0.06953125 0.0296875
1 0.0875 0.421875 0.065625 0.0375
1 0.0671875 0.509375 0.0578125 0.03671875
1 0.22734375 0.5171875 0.05625 0.034375
1 0.3671875 0.47421875 0.04765625 0.04375
1 0.24609375 0.43125 0.0734375 0.03984375
1 0.44765625 0.40625 0.0875 0.02890625
1 0.5765625 0.45078125 0.046875 0.04453125
1 0.49453125 0.521875 0.07421875 0.02890625
1 0.7015625 0.50390625 0.06875 0.03671875
1 0.70234375 0.41953125 0.05546875 0.03515625
1 0.85078125 0.42265625 0.0671875 0.03515625
1 0.8515625 0.50546875 0.059375 0.0375
1 0.08203125 0.59921875 0.06953125 0.03671875
1 0.24453125 0.60234375 0.06875 0.03671875
1 0.35859375 0.625 0.0390625 0.046875
1 0.484375 0.57109375 0.08359375 0.0234375
1 0.57578125 0.63828125 0.0328125 0.0453125
1 0.6671875 0.634375 0.04296875 0.04609375
1 0.45703125 0.6953125 0.0796875 0.02421875
1 0.0703125 0.6890625 0.0671875 0.03671875
1 0.23203125 0.6921875 0.06484375 0.0375
1 0.7796875 0.68984375 0.0734375 0.02265625
1 0.875 0.6265625 0.03515625 0.0421875
1 0.7546875 0.571875 0.078125 0.0265625
1 0.04609375 0.8390625 0.04296875 0.05
1 0.15 0.7640625 0.084375 0.03203125
1 0.26953125 0.8203125 0.04609375 0.04765625
1 0.16484375 0.89453125 0.07265625 0.02578125
1 0.4171875 0.87265625 0.0765625 0.034375
1 0.37734375 0.78203125 0.059375 0.046875
1 0.56796875 0.84921875 0.0515625 0.03984375
1 0.53203125 0.75859375 0.07109375 0.03359375
1 0.77890625 0.74453125 0.07734375 0.0234375
1 0.67734375 0.80859375 0.040625 0.05390625
1 0.7859375 0.8734375 0.08046875 0.021875
1 0.89296875 0.80703125 0.0328125 0.046875