0 0.1359375 0.1359375 0.03828125 0.0578125
0 0.1078125 0.26015625 0.02734375 0.08046875
0 0.17578125 0.31484375 0.0359375 0.04375
0 0.20234375 0.184375 0.03046875 0.08671875
0 0.31953125 0.125 0.04921875 0.0421875
0 0.25234375 0.1890625 0.02421875 0.08203125
0 0.28828125 0.31953125 0.04921875 0.053125
0 0.3578125 0.26015625 0.028125 0.09140625
0 0.4703125 0.10859375 0.04375 0.046875
0 0.4046875 0.19140625 0.02734375 0.08359375
0 0.44765625 0.30703125 0.05234375 0.0390625
0 0.51640625 0.2234375 0.0296875 0.08671875
0 0.57734375 0.1328125 0.0328125 0.08515625
0 0.5875 0.278125 0.046875 0.06171875
0 0.671875 0.2484375 0.03828125 0.0796875
0 0.66171875 0.1015625 0.04140625 0.06953125
0 0.79765625 0.07265625 0.05234375 0.04921875
0 0.7375 0.19296875 0.02265625 0.08515625
0 0.80390625 0.2921875 0.0515625 0.04375
0 0.865625 0.171875 0.0234375 0.09375
0 0.81640625 0.38515625 0.05234375 0.0359375
0 0.734375 0.453125 0.03203125 0.08203125
0 0.77578125 0.5875 0.05546875 0.04921875
0 0.8578125 0.5171875 0.028125 0.09140625
0 0.68203125 0.49453125 0.02109375 0.08671875
0 0.62109375 0.5890625 0.0578125 0.04765625
0 0.565625 0.484375 0.03515625 0.090625
0 0.62578125 0.38125 0.0515625 0.0390625
0 0.47890625 0.39765625 0.04375 0.04609375
0 0.5140625 0.5203125 0.0296875 0.08359375
0 0.44609375 0.58828125 0.05390625 0.0421875
0 0.40625 0.45546875 0.02109375 0.075
0 0.3578125 0.49140625 0.02734375 0.0859375
0 0.296875 0.39765625 0.04765625 0.0421875
0 0.25078125 0.509375 0.02265625 0.08515625
0 0.31171875 0.5984375 0.05 0.0421875
0 0.19921875 0.54609375 0.0328125 0.07734375
0 0.1296875 0.57890625 0.04140625 0.05234375
0 0.1109375 0.44453125 0.03515625 0.08515625
0 0.18046875 0.4125 0.04375 0.0578125
0 0.125 0.69296875 0.0390625 0.06875
0 0.11640625 0.82109375 0.0328125 0.0765625
0 0.18671875 0.84921875 0.03828125 0.06328125
0 0.2 0.71171875 0.03203125 0.06953125
0 0.29921875 0.68359375 0.0515625 0.04375
0 0.25234375 0.78359375 0.0203125 0.078125
0 0.30859375 0.87890625 0.04375 0.05
0 0.3609375 0.77890625 0.02265625 0.09765625
0 0.4125 0.73125 0.0375 0.07265625
0 0.4875 0.68515625 0.05234375 0.04921875
0 0.440625 0.8703125 0.04296875 0.05546875
0 0.5140625 0.81484375 0.025 0.08515625
0 0.5703125 0.81484375 0.0328125 0.0859375
0 0.64765625 0.87578125 0.04921875 0.04609375
0 0.68125 0.73125 0.0296875 0.0796875
0 0.6 0.6796875 0.05078125 0.0546875
0 0.75390625 0.7125 0.03828125 0.07109375
0 0.7546875 0.8640625 0.046875 0.08203125
0 0.84375 0.8703125 0.0359375 0.065625
0 0.846875 0.72109375 0.040625 0.08515625