0 0.24609375 0.5296875 0.015625 0.06484375
0 0.6828125 0.165625 0.03671875 0.0640625
0 0.19140625 0.73515625 0.0296875 0.0625
0 0.17265625 0.871875 0.03203125 0.05
0 0.29921875 0.4265625 0.0375 0.02734375
0 0.68515625 0.321875 0.03359375 0.071875
0 0.484375 0.44140625 0.03984375 0.03984375
0 0.75546875 0.79375 0.0375 0.0640625
0 0.103125 0.834375 0.02578125 0.05859375
0 0.7453125 0.95078125 0.03515625 0.071875
0 0.28984375 0.33828125 0.03515625 0.03984375
0 0.334375 0.14765625 0.03671875 0.040625
0 0.8921875 0.25625 0.01796875 0.0734375
0 0.825 0.14296875 0.04453125 0.03125
0 0.35 0.8125 0.01640625 0.0640625
0 0.11953125 0.69453125 0.034375 0.04921875
0 0.82890625 0.46796875 0.04453125 0.040625
0 0.2953125 0.71015625 0.03671875 0.02890625
0 0.3625 0.28671875 0.0203125 0.065625
0 0.21015625 0.19453125 0.025 0.0640625
0 0.17890625 0.32265625 0.03671875 0.04609375
0 0.56484375 0.5390625 0.0171875 0.07265625
0 0.35703125 0.52734375 0.01796875 0.065625
0 0.303125 0.63125 0.03515625 0.02734375
0 0.1953125 0.56640625 0.0265625 0.06484375
0 0.41328125 0.2234375 0.02109375 0.06953125
0 0.59453125 0.17734375 0.03828125 0.071875
0 0.4828125 0.73671875 0.040625 0.0515625
0 0.1125 0.26796875 0.02265625 0.0625
0 0.1796875 0.4265625 0.0359375 0.0484375
0 0.1421875 0.1359375 0.03359375 0.03984375
0 0.43984375 0.6328125 0.0359375 0.0390625
0 0.8484375 0.8140625 0.0375 0.06640625
0 0.56328125 0.8828125 0.03046875 0.08046875
0 0.51640625 0.5765625 0.02578125 0.06796875
0 0.2953125 0.91640625 0.03515625 0.02734375
0 0.4265625 0.91796875 0.0375 0.053125
0 0.24140625 0.81328125 0.0171875 0.06953125
0 0.40859375 0.49921875 0.02578125 0.065625
0 0.64140625 0.95390625 0.04453125 0.0546875
0 0.45546875 0.34921875 0.0359375 0.03359375
0 0.82109375 0.37265625 0.04453125 0.0359375
0 0.6171875 0.65703125 0.040625 0.03203125
0 0.4046875 0.77421875 0.028125 0.0671875
0 0.484375 0.1390625 0.0375 0.0359375
0 0.63125 0.44453125 0.040625 0.02734375
0 0.52578125 0.2734375 0.0203125 0.0703125
0 0.67734375 0.81484375 0.028125 0.075
0 0.59921875 0.746875 0.04296875 0.05234375
0 0.84140625 0.97109375 0.0390625 0.0578125
0 0.74453125 0.53203125 0.025 0.07421875
0 0.75546875 0.259375 0.0203125 0.07890625
0 0.78046875 0.675 0.04140625 0.04296875
0 0.86953125 0.61484375 0.02890625 0.07421875
0 0.59375 0.33203125 0.0375 0.0640625
0 0.26015625 0.20625 0.0234375 0.0640625
0 0.68828125 0.56328125 0.01484375 0.0703125
0 0.1078125 0.45 0.0265625 0.0578125
0 0.12265625 0.590625 0.03203125 0.04921875
0 0.50625 0.88046875 0.02734375 0.0703125