0 0.4734375 0.4984375 0.0375 0.0390625
0 0.29140625 0.48671875 0.03828125 0.03046875
0 0.17890625 0.91328125 0.03046875 0.04609375
0 0.29921875 0.68515625 0.03515625 0.02734375
0 0.11796875 0.6453125 0.03203125 0.04140625
0 0.18984375 0.62109375 0.02578125 0.06015625
0 0.1 0.509375 0.0265625 0.06015625
0 0.19140625 0.7859375 0.0296875 0.059375
0 0.44609375 0.40703125 0.0390625 0.03828125
0 0.35078125 0.58203125 0.01875 0.065625
0 0.31875 0.20625 0.03671875 0.040625
0 0.29765625 0.9546875 0.034375 0.02734375
0 0.24296875 0.85546875 0.01640625 0.06328125
0 0.43515625 0.68515625 0.03515625 0.03828125
0 0.471875 0.19921875 0.0375 0.0375
0 0.12109375 0.1921875 0.0359375 0.04375
0 0.240625 0.58828125 0.0171875 0.06328125
0 0.5890625 0.7921875 0.03984375 0.05
0 0.40234375 0.28046875 0.01796875 0.06875
0 0.16796875 0.38359375 0.03671875 0.0453125
0 0.40078125 0.55390625 0.0234375 0.06640625
0 0.096875 0.32734375 0.02421875 0.0625
0 0.10703125 0.87890625 0.02578125 0.05625
0 0.6078125 0.70546875 0.04140625 0.03359375
0 0.5078125 0.62890625 0.025 0.06875
0 0.62109375 0.4984375 0.03984375 0.03125
0 0.67265625 0.37890625 0.03359375 0.06875
0 0.171875 0.48671875 0.03515625 0.0453125
0 0.6671875 0.2234375 0.0390625 0.065625
0 0.11953125 0.75 0.03359375 0.04921875
0 0.2796875 0.39921875 0.03515625 0.03828125
0 0.47734375 0.78125 0.03828125 0.0484375
0 0.80390625 0.4296875 0.04296875 0.02734375
0 0.34921875 0.8578125 0.015625 0.059375
0 0.19375 0.253125 0.028125 0.0640625
0 0.675 0.61484375 0.01640625 0.0703125
0 0.87734375 0.315625 0.01796875 0.07109375
0 0.8125 0.52265625 0.04140625 0.03984375
0 0.35 0.34609375 0.01953125 0.0671875
0 0.5140625 0.33359375 0.02109375 0.07109375
0 0.73984375 0.834375 0.0375 0.06015625
0 0.63203125 0.98203125 0.03828125 0.034375
0 0.81015625 0.203125 0.0421875 0.03125
0 0.82734375 0.84921875 0.03828125 0.06171875
0 0.55546875 0.9203125 0.02578125 0.06875
0 0.425 0.9546875 0.03359375 0.0453125
0 0.7296875 0.58203125 0.02421875 0.07109375
0 0.7625 0.72109375 0.040625 0.0421875
0 0.740625 0.3171875 0.01953125 0.07890625
0 0.55546875 0.590625 0.01796875 0.06953125
0 0.58125 0.2359375 0.03828125 0.07109375
0 0.4 0.8203125 0.02421875 0.0640625
0 0.73203125 0.97265625 0.0359375 0.05390625
0 0.665625 0.85234375 0.02734375 0.06640625
0 0.5015625 0.91796875 0.025 0.06484375
0 0.8484375 0.66328125 0.02890625 0.0703125
0 0.5828125 0.38828125 0.03828125 0.06328125
0 0.24453125 0.26640625 0.021875 0.06875
0 0.29375 0.7625 0.03671875 0.028125