1 0.19921875 0.09765625 0.0765625 0.02109375
1 0.55234375 0.090625 0.08203125 0.02421875
1 0.74921875 0.11328125 0.0640625 0.0359375
1 0.90390625 0.1140625 0.0640625 0.040625
1 0.74375 0.20078125 0.06484375 0.0328125
1 0.8984375 0.20234375 0.05859375 0.03828125
1 0.6234375 0.16796875 0.04609375 0.04609375
1 0.41484375 0.1296875 0.04296875 0.0390625
1 0.31875 0.153125 0.0390625 0.04609375
1 0.10546875 0.16328125 0.03515625 0.04140625
1 0.225 0.21953125 0.071875 0.02890625
1 0.48359375 0.21015625 0.0703125 0.02109375
1 0.1765625 0.28671875 0.07265625 0.02734375
1 0.49375 0.27421875 0.07421875 0.02578125
1 0.77421875 0.2796875 0.0671875 0.028125
1 0.91640625 0.30859375 0.0515625 0.040625
1 0.7171875 0.3609375 0.05078125 0.03671875
1 0.6203125 0.31796875 0.04453125 0.04375
1 0.41328125 0.34609375 0.0390625 0.0390625
1 0.3171875 0.32109375 0.0546875 0.04140625
1 0.11796875 0.3640625 0.04609375 0.0390625
1 0.25859375 0.4015625 0.06953125 0.02734375
1 0.53984375 0.3921875 0.0703125 0.02578125
1 0.8625 0.39140625 0.071875 0.0296875
1 0.74296875 0.4625 0.05546875 0.0359375
1 0.89765625 0.4625 0.06171875 0.0359375
1 0.73984375 0.54609375 0.06875 0.03515625
1 0.89375 0.54765625 0.0625 0.0359375
1 0.48359375 0.45 0.0828125 0.02578125
1 0.6140625 0.4953125 0.04296875 0.04140625
1 0.4078125 0.51953125 0.04453125 0.03984375
1 0.53203125 0.5640625 0.065625 0.021875
1 0.28828125 0.47734375 0.06328125 0.0328125
1 0.13359375 0.47109375 0.06171875 0.0328125
1 0.121875 0.55390625 0.05859375 0.03671875
1 0.27578125 0.56171875 0.05234375 0.03515625
1 0.1421875 0.640625 0.06953125 0.0375
1 0.2921875 0.64609375 0.06171875 0.03046875
1 0.5203125 0.61484375 0.0828125 0.01796875
1 0.6171875 0.6796875 0.02578125 0.04296875
1 0.79921875 0.61484375 0.06484375 0.02421875
1 0.91875 0.66953125 0.03515625 0.04140625
1 0.70625 0.67734375 0.04296875 0.0453125
1 0.403125 0.6671875 0.03515625 0.04375
1 0.28359375 0.73125 0.05859375 0.034375
1 0.1359375 0.7265625 0.06484375 0.034375
1 0.50390625 0.73359375 0.0765625 0.0203125
1 0.82265625 0.73203125 0.07421875 0.025
1 0.821875 0.78203125 0.07265625 0.02109375
1 0.7125 0.8421875 0.03125 0.0484375
1 0.92890625 0.84375 0.03203125 0.040625
1 0.821875 0.90234375 0.08359375 0.02109375
1 0.578125 0.79375 0.0703125 0.02890625
1 0.428125 0.81328125 0.05 0.04140625
1 0.46484375 0.8984375 0.07265625 0.0359375
1 0.615625 0.87578125 0.04453125 0.03671875
1 0.328125 0.84609375 0.0453125 0.04609375
1 0.21171875 0.79609375 0.07265625 0.0265625
1 0.11171875 0.8625 0.04453125 0.046875
1 0.23125 0.91171875 0.07421875 0.025