1 0.15390625 0.1109375 0.05703125 0.02734375
1 0.29765625 0.11015625 0.0609375 0.0328125
1 0.14296875 0.19296875 0.05390625 0.0265625
1 0.290625 0.19375 0.05078125 0.0375
1 0.4703125 0.09140625 0.06171875 0.025
1 0.61484375 0.1140625 0.05078125 0.04140625
1 0.56484375 0.19375 0.065625 0.03046875
1 0.421875 0.17109375 0.05 0.0296875
1 0.72421875 0.11640625 0.0375 0.03515625
1 0.8734375 0.0828125 0.06640625 0.02578125
1 0.778125 0.19375 0.071875 0.0203125
1 0.92890625 0.159375 0.046875 0.040625
1 0.77265625 0.2578125 0.06015625 0.028125
1 0.9328125 0.271875 0.05546875 0.03671875
1 0.896875 0.359375 0.0640625 0.034375
1 0.7375 0.34296875 0.05625 0.034375
1 0.57890625 0.2578125 0.0625 0.0265625
1 0.615625 0.33984375 0.04453125 0.0390625
1 0.46328125 0.36484375 0.06171875 0.025
1 0.42734375 0.28046875 0.0484375 0.0328125
1 0.303125 0.27578125 0.0578125 0.03515625
1 0.15390625 0.27265625 0.0609375 0.03046875
1 0.14375 0.35703125 0.05703125 0.0296875
1 0.29296875 0.359375 0.0484375 0.03828125
1 0.14453125 0.4359375 0.0640625 0.03046875
1 0.29375 0.4484375 0.05703125 0.034375
1 0.11953125 0.521875 0.05859375 0.03515625
1 0.26796875 0.53359375 0.05390625 0.03046875
1 0.5046875 0.42109375 0.0640625 0.01953125
1 0.4015625 0.48359375 0.03359375 0.03984375
1 0.6171875 0.47890625 0.0328125 0.04140625
1 0.51328125 0.5421875 0.06796875 0.01953125
1 0.7828125 0.42421875 0.0671875 0.02734375
1 0.934375 0.4609375 0.0484375 0.040625
1 0.86484375 0.5421875 0.08125 0.0296875
1 0.7140625 0.5046875 0.05234375 0.040625
1 0.76796875 0.60625 0.0671875 0.0328125
1 0.93203125 0.6328125 0.0546875 0.03984375
1 0.72421875 0.6953125 0.05703125 0.04453125
1 0.88828125 0.72421875 0.071875 0.03203125
1 0.5046875 0.5921875 0.07578125 0.01640625
1 0.39140625 0.65234375 0.03359375 0.04375
1 0.6140625 0.6609375 0.03515625 0.0390625
1 0.49375 0.721875 0.06953125 0.015625
1 0.2890625 0.6265625 0.05859375 0.0390625
1 0.1359375 0.6046875 0.07578125 0.034375
1 0.096875 0.69140625 0.05625 0.040625
1 0.2453125 0.71328125 0.0609375 0.03046875
1 0.209375 0.77890625 0.07421875 0.02421875
1 0.06640625 0.81796875 0.04921875 0.046875
1 0.2765625 0.865625 0.0328125 0.040625
1 0.1296875 0.903125 0.071875 0.0296875
1 0.5109375 0.77578125 0.07734375 0.01875
1 0.38125 0.834375 0.0375 0.05
1 0.61171875 0.853125 0.03125 0.0453125
1 0.4859375 0.9125 0.0796875 0.0234375
1 0.765625 0.7953125 0.06328125 0.04140625
1 0.93359375 0.825 0.05859375 0.04140625
1 0.725 0.88984375 0.0609375 0.0453125
1 0.89140625 0.91875 0.0796875 0.03203125