0 0.2078125 0.059375 0.0265625 0.06484375
0 0.10703125 0.13046875 0.0203125 0.059375
0 0.17265625 0.18046875 0.034375 0.04453125
0 0.14375 0.0171875 0.0359375 0.03359375
0 0.2578125 0.071875 0.02421875 0.06328125
0 0.284375 0.19765625 0.0375 0.0375
0 0.3578125 0.14453125 0.02265625 0.06875
0 0.33046875 0.01796875 0.0375 0.03515625
0 0.4078125 0.0859375 0.01953125 0.0671875
0 0.47578125 0.01171875 0.03984375 0.0234375
0 0.44921875 0.203125 0.0390625 0.03125
0 0.51796875 0.12734375 0.01640625 0.06796875
0 0.58046875 0.04609375 0.0296875 0.0625
0 0.66328125 0.02890625 0.0375 0.053125
0 0.5859375 0.1875 0.03671875 0.05234375
0 0.6703125 0.16953125 0.03046875 0.06640625
0 0.79609375 0.01484375 0.04140625 0.02890625
0 0.7375 0.1171875 0.01875 0.07109375
0 0.8609375 0.1109375 0.01796875 0.07109375
0 0.80078125 0.21328125 0.04453125 0.03671875
0 0.8109375 0.3046875 0.040625 0.03671875
0 0.72890625 0.36875 0.02265625 0.07265625
0 0.85234375 0.44296875 0.02421875 0.07265625
0 0.76796875 0.50703125 0.04375 0.04296875
0 0.61953125 0.28984375 0.03984375 0.02578125
0 0.55546875 0.38828125 0.0140625 0.06953125
0 0.6765625 0.4015625 0.01484375 0.07109375
0 0.6109375 0.49765625 0.0390625 0.0203125
0 0.47265625 0.2890625 0.0390625 0.0390625
0 0.50546875 0.41875 0.02109375 0.06796875
0 0.3984375 0.35 0.021875 0.065625
0 0.43125 0.47890625 0.0375 0.0390625
0 0.09296875 0.30703125 0.03046875 0.0625
0 0.16875 0.2828125 0.03515625 0.0515625
0 0.1796875 0.4171875 0.02890625 0.0640625
0 0.10234375 0.4453125 0.034375 0.04765625
0 0.29140625 0.28203125 0.0375 0.02734375
0 0.23359375 0.38515625 0.01640625 0.06953125
0 0.29140625 0.47890625 0.03984375 0.02734375
0 0.34609375 0.37578125 0.0171875 0.065625
0 0.74609375 0.628125 0.03515625 0.06484375
0 0.8390625 0.640625 0.0390625 0.065625
0 0.74296875 0.7875 0.0390625 0.06640625
0 0.83828125 0.80390625 0.0375 0.0671875
0 0.66953125 0.65078125 0.02890625 0.07109375
0 0.58828125 0.5875 0.03984375 0.046875
0 0.5546875 0.7296875 0.0265625 0.07265625
0 0.6375 0.7953125 0.04140625 0.04921875
0 0.47109375 0.58046875 0.03828125 0.04140625
0 0.3921875 0.62421875 0.0265625 0.06953125
0 0.4953125 0.725 0.025 0.07265625
0 0.41328125 0.771875 0.03828125 0.0484375
0 0.334375 0.66640625 0.0171875 0.06953125
0 0.28046875 0.5609375 0.040625 0.03203125
0 0.2171875 0.6671875 0.0171875 0.07265625
0 0.2734375 0.7734375 0.0390625 0.0296875
0 0.09296875 0.55390625 0.0375 0.05234375
0 0.16796875 0.59140625 0.03125 0.065625
0 0.06875 0.69765625 0.02734375 0.06640625
0 0.14453125 0.73515625 0.0375 0.0546875