0 0.21171875 0.1078125 0.03984375 0.05
0 0.17734375 0.2328125 0.02421875 0.07265625
0 0.16875 0.4171875 0.0296875 0.0796875
0 0.18125 0.5578125 0.04140625 0.05859375
0 0.175 0.67109375 0.04375 0.0671875
0 0.153125 0.8125 0.02734375 0.0796875
0 0.2296875 0.8515625 0.04140625 0.05625
0 0.25234375 0.70546875 0.03515625 0.08515625
0 0.3625 0.68359375 0.04453125 0.04609375
0 0.4171875 0.79140625 0.02109375 0.08671875
0 0.3046875 0.78125 0.0296875 0.0859375
0 0.36015625 0.8859375 0.0390625 0.0421875
0 0.4734375 0.74296875 0.02734375 0.0828125
0 0.55390625 0.70703125 0.04140625 0.053125
0 0.496875 0.88984375 0.046875 0.07109375
0 0.58046875 0.84921875 0.0296875 0.0765625
0 0.6734375 0.715625 0.046875 0.05859375
0 0.6390625 0.85546875 0.0296875 0.08359375
0 0.7203125 0.93046875 0.0484375 0.046875
0 0.75625 0.78203125 0.02890625 0.0859375
0 0.83515625 0.76328125 0.04375 0.0671875
0 0.83203125 0.92265625 0.04296875 0.08203125
0 0.92578125 0.934375 0.03828125 0.065625
0 0.925 0.77421875 0.040625 0.071875
0 0.24609375 0.39375 0.0390625 0.06171875
0 0.2578125 0.53203125 0.03203125 0.07265625
0 0.3671875 0.38671875 0.046875 0.0359375
0 0.31328125 0.49921875 0.02421875 0.08828125
0 0.36953125 0.5984375 0.05 0.0515625
0 0.4265625 0.49296875 0.0203125 0.08203125
0 0.47890625 0.46640625 0.02734375 0.08515625
0 0.51328125 0.596875 0.04453125 0.05234375
0 0.5859375 0.53828125 0.02734375 0.0796875
0 0.55390625 0.41015625 0.04453125 0.04375
0 0.63828125 0.4984375 0.01640625 0.08828125
0 0.69140625 0.62109375 0.053125 0.06015625
0 0.76328125 0.5265625 0.0265625 0.08359375
0 0.70234375 0.41015625 0.0484375 0.0328125
0 0.815625 0.49375 0.03203125 0.08203125
0 0.85390625 0.6359375 0.0578125 0.0546875
0 0.93828125 0.57578125 0.03828125 0.08359375
0 0.90234375 0.4375 0.04609375 0.0578125
0 0.28125 0.159375 0.03515625 0.0796875
0 0.2453125 0.28984375 0.04140625 0.053125
0 0.33125 0.18046875 0.0296875 0.08671875
0 0.3625 0.3078125 0.04296875 0.0515625
0 0.434375 0.25078125 0.025 0.08515625
0 0.4078125 0.125 0.0453125 0.0578125
0 0.48984375 0.19140625 0.02109375 0.090625
0 0.528125 0.31328125 0.046875 0.05234375
0 0.6015625 0.23671875 0.0328125 0.0859375
0 0.55859375 0.11640625 0.05234375 0.0390625
0 0.66328125 0.15703125 0.03984375 0.0796875
0 0.6671875 0.2953125 0.046875 0.06328125
0 0.75859375 0.2875 0.03515625 0.08046875
0 0.75078125 0.14296875 0.03828125 0.06875
0 0.8265625 0.2296875 0.01875 0.08515625
0 0.8890625 0.121875 0.0484375 0.04375
0 0.9578125 0.22890625 0.0296875 0.09453125
0 0.89453125 0.340625 0.05546875 0.04921875