1 0.196875 0.0625 0.07890625 0.02265625
1 0.096875 0.1296875 0.0421875 0.04296875
1 0.31484375 0.11640625 0.04921875 0.05078125
1 0.21015625 0.18125 0.09453125 0.03125
1 0.4109375 0.0921875 0.05078125 0.0453125
1 0.54921875 0.0546875 0.08515625 0.03046875
1 0.47734375 0.17109375 0.08125 0.0265625
1 0.625 0.13125 0.04296875 0.05234375
1 0.75078125 0.07421875 0.06796875 0.034375
1 0.90703125 0.07734375 0.06484375 0.040625
1 0.74453125 0.16328125 0.06875 0.03359375
1 0.9046875 0.16484375 0.06328125 0.040625
1 0.1640625 0.2484375 0.0734375 0.0234375
1 0.09765625 0.33046875 0.04375 0.040625
1 0.4078125 0.31015625 0.040625 0.03984375
1 0.4890625 0.2359375 0.07578125 0.025
1 0.62109375 0.27890625 0.04453125 0.0453125
1 0.5421875 0.35546875 0.08046875 0.02421875
1 0.77890625 0.24140625 0.06875 0.02734375
1 0.7265625 0.325 0.05625 0.03984375
1 0.87421875 0.353125 0.0734375 0.03203125
1 0.928125 0.26796875 0.05078125 0.04296875
1 0.1109375 0.4375 0.06796875 0.034375
1 0.27109375 0.44453125 0.0671875 0.03828125
1 0.1 0.528125 0.0640625 0.03828125
1 0.26015625 0.5328125 0.0625 0.034375
1 0.4015625 0.490625 0.0453125 0.0421875
1 0.48046875 0.41796875 0.07734375 0.0265625
1 0.6125 0.46015625 0.046875 0.04375
1 0.5359375 0.53515625 0.07578125 0.025
1 0.74921875 0.42890625 0.05703125 0.03828125
1 0.91015625 0.4265625 0.06875 0.03671875
1 0.7515625 0.51796875 0.071875 0.03515625
1 0.915625 0.51875 0.06328125 0.0375
1 0.8125 0.58984375 0.07890625 0.02421875
1 0.940625 0.646875 0.040625 0.04375
1 0.71640625 0.6578125 0.04296875 0.0453125
1 0.8421875 0.715625 0.07734375 0.01953125
1 0.515625 0.58984375 0.08203125 0.01796875
1 0.6171875 0.659375 0.025 0.0453125
1 0.39921875 0.646875 0.03203125 0.0453125
1 0.496875 0.71640625 0.0734375 0.01953125
1 0.1140625 0.61875 0.07421875 0.03828125
1 0.2765625 0.621875 0.065625 0.034375
1 0.10234375 0.7109375 0.0609375 0.03671875
1 0.26484375 0.71328125 0.0578125 0.0359375
1 0.18125 0.7875 0.07734375 0.0265625
1 0.0875 0.86015625 0.0453125 0.04765625
1 0.30859375 0.84453125 0.04453125 0.04375
1 0.20703125 0.91796875 0.07578125 0.02421875
1 0.415625 0.8078125 0.0546875 0.046875
1 0.57890625 0.7828125 0.071875 0.028125
1 0.45859375 0.8984375 0.07265625 0.0328125
1 0.61875 0.87734375 0.04921875 0.04140625
1 0.84296875 0.7734375 0.07421875 0.0234375
1 0.728125 0.8390625 0.034375 0.04765625
1 0.959375 0.83828125 0.03359375 0.040625
1 0.846875 0.903125 0.0796875 0.0234375