0 0.65859375 0.12734375 0.0328125 0.071875
0 0.3828125 0.6015625 0.0359375 0.03125
0 0.39765625 0.11875 0.03671875 0.04140625
0 0.48515625 0.45859375 0.0203125 0.0671875
0 0.18984375 0.58515625 0.034375 0.046875
0 0.69921875 0.58828125 0.0375 0.025
0 0.3796875 0.68125 0.03671875 0.0328125
0 0.246875 0.4125 0.03671875 0.04453125
0 0.85390625 0.5828125 0.03984375 0.034375
0 0.81796875 0.19140625 0.0203125 0.07109375
0 0.2546875 0.86484375 0.034375 0.05546875
0 0.815625 0.45078125 0.02109375 0.0671875
0 0.321875 0.5109375 0.0171875 0.065625
0 0.196875 0.121875 0.03515625 0.046875
0 0.7046875 0.3796875 0.03828125 0.028125
0 0.43203125 0.2546875 0.02265625 0.0671875
0 0.37265625 0.39921875 0.03828125 0.03359375
0 0.5265625 0.30546875 0.0390625 0.03671875
0 0.27109375 0.721875 0.03203125 0.0609375
0 0.875 0.0765625 0.04140625 0.03203125
0 0.19140625 0.69609375 0.03515625 0.0546875
0 0.73515625 0.86953125 0.0390625 0.046875
0 0.32421875 0.790625 0.01640625 0.0671875
0 0.55078125 0.09765625 0.0359375 0.03359375
0 0.4828125 0.18515625 0.01796875 0.0703125
0 0.7640625 0.48515625 0.01640625 0.06796875
0 0.88046875 0.28984375 0.04375 0.03203125
0 0.89140625 0.3796875 0.0390625 0.03359375
0 0.73984375 0.10546875 0.0390625 0.05859375
0 0.43515625 0.4921875 0.01953125 0.06640625
0 0.940625 0.178125 0.01875 0.06953125
0 0.27109375 0.17734375 0.028125 0.0671875
0 0.38359375 0.8875 0.0359375 0.0296875
0 0.75234375 0.253125 0.03046875 0.065625
0 0.1765625 0.83828125 0.02890625 0.06015625
0 0.43828125 0.778125 0.01875 0.06484375
0 0.66484375 0.27265625 0.03359375 0.05390625
0 0.5578125 0.3921875 0.03984375 0.046875
0 0.596875 0.82109375 0.02890625 0.0703125
0 0.59375 0.52109375 0.021875 0.06953125
0 0.2421875 0.3078125 0.0359375 0.046875
0 0.26796875 0.55078125 0.025 0.0625
0 0.76171875 0.7265625 0.02734375 0.06875
0 0.49140625 0.72890625 0.0234375 0.0671875
0 0.52109375 0.5859375 0.03671875 0.0390625
0 0.325 0.18359375 0.02265625 0.06796875
0 0.6515625 0.81484375 0.02734375 0.075
0 0.51875 0.865625 0.03984375 0.05390625
0 0.9328125 0.51484375 0.025 0.071875
0 0.834375 0.696875 0.03359375 0.06171875
0 0.59453125 0.2234375 0.0203125 0.06640625
0 0.16796875 0.25625 0.025 0.0640625
0 0.359375 0.31328125 0.03515625 0.0375
0 0.68046875 0.67578125 0.03359375 0.046875
0 0.1703125 0.4453125 0.028125 0.06328125
0 0.5671875 0.6796875 0.03984375 0.05078125
0 0.91875 0.85390625 0.0359375 0.059375
0 0.92109375 0.7 0.0359375 0.05625
0 0.8328125 0.84765625 0.03671875 0.0609375
0 0.64296875 0.48203125 0.0125 0.06875