0 0.4875 0.36171875 0.04296875 0.0421875
0 0.36171875 0.46640625 0.0203125 0.0671875
0 0.24375 0.484375 0.01640625 0.06875
0 0.18515625 0.709375 0.03203125 0.06484375
0 0.3296875 0.09765625 0.03671875 0.03828125
0 0.3 0.3734375 0.0390625 0.0328125
0 0.3609375 0.76796875 0.01796875 0.071875
0 0.77734375 0.675 0.0359375 0.065625
0 0.44921875 0.56171875 0.0390625 0.04140625
0 0.7453125 0.16015625 0.0203125 0.06484375
0 0.1875 0.53046875 0.03046875 0.065625
0 0.82734375 0.34375 0.04140625 0.03671875
0 0.10859375 0.565625 0.03671875 0.04765625
0 0.17265625 0.38828125 0.03828125 0.0484375
0 0.1328125 0.11015625 0.0359375 0.0453125
0 0.7484375 0.41640625 0.0203125 0.06953125
0 0.6359375 0.346875 0.04140625 0.03125
0 0.79296875 0.5515625 0.04296875 0.03515625
0 0.23984375 0.78203125 0.01796875 0.07578125
0 0.86875 0.67734375 0.04140625 0.06484375
0 0.17109375 0.28515625 0.0375 0.04921875
0 0.528125 0.81015625 0.03203125 0.0796875
0 0.3625 0.228125 0.0203125 0.0671875
0 0.30703125 0.5796875 0.0390625 0.03359375
0 0.25546875 0.16328125 0.0234375 0.0640625
0 0.61640625 0.65078125 0.0390625 0.05078125
0 0.09921875 0.23828125 0.0234375 0.06171875
0 0.6328125 0.55859375 0.0390625 0.02734375
0 0.58515625 0.10703125 0.03125 0.06484375
0 0.6671875 0.0796875 0.0359375 0.0546875
0 0.79921875 0.05 0.040625 0.034375
0 0.58671875 0.80078125 0.03203125 0.08046875
0 0.81171875 0.25390625 0.04375 0.0390625
0 0.084375 0.8328125 0.02890625 0.06640625
0 0.87421875 0.47890625 0.02265625 0.07265625
0 0.86796875 0.146875 0.0203125 0.06796875
0 0.6828125 0.22421875 0.02734375 0.06640625
0 0.09375 0.4234375 0.0296875 0.0625
0 0.69765625 0.45390625 0.015625 0.06796875
0 0.203125 0.15625 0.02734375 0.065625
0 0.67109375 0.86171875 0.03828125 0.053125
0 0.41484375 0.42890625 0.0234375 0.06484375
0 0.78046875 0.83828125 0.04140625 0.0671875
0 0.525 0.19765625 0.0171875 0.06875
0 0.57421875 0.44921875 0.01875 0.0734375
0 0.59609375 0.24140625 0.0359375 0.053125
0 0.1046875 0.67734375 0.0375 0.05390625
0 0.87578125 0.84140625 0.03828125 0.06328125
0 0.49921875 0.6578125 0.04296875 0.0484375
0 0.45703125 0.275 0.0359375 0.02890625
0 0.525 0.496875 0.0234375 0.0703125
0 0.30078125 0.8875 0.03828125 0.03359375
0 0.70234375 0.70859375 0.02890625 0.0734375
0 0.44375 0.86015625 0.04140625 0.05234375
0 0.3 0.6625 0.0390625 0.03046875
0 0.27734375 0.2828125 0.0140625 0.021875
0 0.16484375 0.86328125 0.03671875 0.059375
0 0.41796875 0.7125 0.0296875 0.0734375
0 0.09609375 0.21875 0.01328125 0.02265625
0 0.4125 0.1625 0.01640625 0.06484375
0 0.47890625 0.0765625 0.03515625 0.0296875