0 0.18828125 0.4328125 0.0328125 0.04296875
0 0.32421875 0.1671875 0.034375 0.03671875
0 0.184375 0.84921875 0.0296875 0.04765625
0 0.18828125 0.3375 0.03203125 0.04296875
0 0.1203125 0.81484375 0.02421875 0.05703125
0 0.428125 0.61796875 0.03515625 0.03671875
0 0.465625 0.4328125 0.0359375 0.03828125
0 0.59609375 0.6359375 0.03984375 0.03125
0 0.2453125 0.790625 0.01484375 0.0640625
0 0.3015625 0.61875 0.0328125 0.0265625
0 0.2953125 0.428125 0.0359375 0.028125
0 0.79765625 0.4421875 0.04296875 0.03984375
0 0.13828125 0.58984375 0.0265625 0.040625
0 0.4390625 0.34921875 0.03359375 0.03125
0 0.72265625 0.2453125 0.01796875 0.075
0 0.60625 0.428125 0.0390625 0.0328125
0 0.134375 0.6859375 0.03046875 0.0453125
0 0.46484375 0.15 0.034375 0.03125
0 0.8546875 0.234375 0.0171875 0.071875
0 0.40078125 0.23125 0.0171875 0.0640625
0 0.78671875 0.13125 0.0421875 0.034375
0 0.2953125 0.8890625 0.03046875 0.02578125
0 0.3453125 0.7921875 0.01640625 0.06171875
0 0.41953125 0.89140625 0.03515625 0.05
0 0.5046875 0.271875 0.0171875 0.06796875
0 0.29453125 0.69609375 0.03359375 0.025
0 0.1265625 0.28984375 0.0203125 0.0578125
0 0.153125 0.16875 0.0296875 0.040625
0 0.21328125 0.21953125 0.025 0.0625
0 0.5 0.559375 0.02421875 0.0640625
0 0.58046875 0.7203125 0.04296875 0.05234375
0 0.203125 0.559375 0.02421875 0.0578125
0 0.28671875 0.3484375 0.03125 0.03359375
0 0.65546875 0.78515625 0.03046875 0.07578125
0 0.715625 0.50859375 0.02421875 0.0734375
0 0.35 0.5203125 0.01640625 0.06171875
0 0.39609375 0.75234375 0.02578125 0.06484375
0 0.39765625 0.4921875 0.02109375 0.0640625
0 0.54609375 0.85234375 0.028125 0.07578125
0 0.20078125 0.71953125 0.028125 0.06015625
0 0.5671875 0.17890625 0.03671875 0.0703125
0 0.65390625 0.3125 0.0359375 0.07265625
0 0.64921875 0.1609375 0.0375 0.06328125
0 0.78671875 0.3515625 0.04375 0.034375
0 0.54453125 0.52421875 0.015625 0.06953125
0 0.49296875 0.8515625 0.025 0.065625
0 0.83828125 0.58359375 0.02421875 0.07109375
0 0.75 0.64609375 0.04140625 0.040625
0 0.81875 0.93515625 0.0390625 0.059375
0 0.73046875 0.7625 0.03671875 0.0625
0 0.353125 0.29375 0.01875 0.0625
0 0.25859375 0.22578125 0.0203125 0.0609375
0 0.2484375 0.528125 0.01484375 0.05390625
0 0.46796875 0.7125 0.0359375 0.04296875
0 0.57109375 0.325 0.03671875 0.0609375
0 0.12265625 0.46015625 0.025 0.05703125
0 0.6609375 0.5421875 0.01796875 0.06953125
0 0.6203125 0.92109375 0.04140625 0.053125
0 0.82265625 0.7796875 0.0375 0.06640625
0 0.7234375 0.91328125 0.0390625 0.0734375
0 0.2625 0.20703125 0.01328125 0.02421875
0 0.178125 0.3484375 0.0140625 0.021875
0 0.12265625 0.271875 0.01171875 0.02265625