1 0.334375 0.11171875 0.071875 0.04375
1 0.171875 0.1015625 0.065625 0.03046875
1 0.16875 0.18671875 0.06875 0.034375
1 0.32890625 0.19609375 0.05546875 0.0375
1 0.5046875 0.10546875 0.0640625 0.02421875
1 0.4578125 0.18203125 0.053125 0.0375
1 0.640625 0.1390625 0.04453125 0.0421875
1 0.60390625 0.2125 0.06953125 0.03125
1 0.8625 0.125 0.05859375 0.02890625
1 0.740625 0.146875 0.0359375 0.0359375
1 0.91796875 0.19765625 0.0453125 0.0390625
1 0.7953125 0.22265625 0.08359375 0.0265625
1 0.79296875 0.28046875 0.05390625 0.03046875
1 0.92265625 0.2984375 0.05390625 0.0359375
1 0.7640625 0.3578125 0.0609375 0.03671875
1 0.90390625 0.37578125 0.06484375 0.0390625
1 0.6140625 0.2734375 0.065625 0.0296875
1 0.47421875 0.29140625 0.0421875 0.0390625
1 0.5171875 0.37265625 0.071875 0.02890625
1 0.6578125 0.35234375 0.0453125 0.0421875
1 0.34609375 0.28046875 0.0640625 0.0390625
1 0.18515625 0.27109375 0.065625 0.03203125
1 0.1796875 0.35859375 0.06640625 0.03515625
1 0.34453125 0.36640625 0.05859375 0.03828125
1 0.190625 0.44375 0.0671875 0.0390625
1 0.35078125 0.45625 0.065625 0.0390625
1 0.1640625 0.53359375 0.0671875 0.03828125
1 0.33203125 0.5421875 0.06484375 0.04140625
1 0.55859375 0.42890625 0.065625 0.01875
1 0.46015625 0.48984375 0.0390625 0.0421875
1 0.665625 0.48515625 0.03359375 0.0421875
1 0.57265625 0.54609375 0.0796875 0.02265625
1 0.8125 0.4328125 0.0578125 0.0234375
1 0.75859375 0.50703125 0.05390625 0.0390625
1 0.9390625 0.46875 0.0484375 0.03984375
1 0.88828125 0.54140625 0.075 0.03046875
1 0.8078125 0.6015625 0.06328125 0.0328125
1 0.946875 0.621875 0.05546875 0.03671875
1 0.921875 0.70546875 0.0640625 0.0359375
1 0.78046875 0.6875 0.06328125 0.04375
1 0.57265625 0.59609375 0.0765625 0.01796875
1 0.4640625 0.659375 0.03671875 0.04609375
1 0.67734375 0.659375 0.03046875 0.04453125
1 0.571875 0.72421875 0.0796875 0.02109375
1 0.35703125 0.63828125 0.059375 0.040625
1 0.196875 0.62109375 0.0734375 0.03828125
1 0.3203125 0.73046875 0.06875 0.03671875
1 0.1546875 0.71484375 0.06484375 0.0421875
1 0.29140625 0.7984375 0.08046875 0.02265625
1 0.13046875 0.8515625 0.05078125 0.0484375
1 0.36171875 0.88515625 0.040625 0.04140625
1 0.20859375 0.93828125 0.078125 0.02265625
1 0.5875 0.77578125 0.06953125 0.021875
1 0.4734375 0.84375 0.0359375 0.05
1 0.69140625 0.8421875 0.02734375 0.0421875
1 0.5796875 0.90859375 0.07890625 0.01953125
1 0.7984375 0.86875 0.06171875 0.04453125
1 0.93671875 0.87890625 0.07109375 0.0359375
1 0.9640625 0.79296875 0.046875 0.03671875
1 0.8234375 0.77578125 0.053125 0.0375