0 0.914 0.23937500000000006 0.6484444444444445 0.23937500000000006 0.6484444444444445 0.38562500000000005 0.914 0.3856250000000001
0 0.914 0.08125000000000006 0.6468888888888888 0.08125000000000006 0.6468888888888888 0.23612500000000006 0.914 0.23612500000000006
0 0.6493333333333333 0.24287500000000004 0.3793333333333334 0.242875 0.3793333333333334 0.3895 0.6493333333333333 0.3895
1 0.382888888888889 0.240625 0.09933333333333338 0.240625 0.0993333333333334 0.39025 0.382888888888889 0.39025
0 0.6460000000000001 0.397 0.3793333333333334 0.397 0.3793333333333334 0.533125 0.6460000000000002 0.533125
1 0.908888888888889 0.39212500000000006 0.6431111111111111 0.392125 0.6431111111111112 0.526875 0.9088888888888891 0.526875
0 0.6457777777777778 0.08187500000000004 0.3751111111111111 0.08187500000000003 0.3751111111111112 0.23925000000000002 0.6457777777777778 0.23925000000000005
0 0.37888888888888894 0.08312500000000002 0.10044444444444448 0.083125 0.10044444444444449 0.241125 0.378888888888889 0.241125
1 0.3822222222222223 0.399625 0.1073333333333334 0.399625 0.10733333333333343 0.535375 0.3822222222222223 0.535375
1 0.9211111111111111 0.54625 0.6493333333333335 0.54625 0.6493333333333335 0.68225 0.9211111111111111 0.68225
1 0.6582222222222224 0.5455 0.3860000000000001 0.5455 0.3860000000000001 0.68 0.6582222222222224 0.68
1 0.38866666666666677 0.553 0.11444444444444454 0.553 0.11444444444444457 0.696 0.38866666666666677 0.696
1 0.9282222222222222 0.68975 0.6551111111111113 0.68975 0.6551111111111113 0.8435 0.9282222222222222 0.8435
1 0.39644444444444465 0.698375 0.12266666666666681 0.698375 0.12266666666666684 0.85525 0.39644444444444465 0.85525
1 0.6551111111111113 0.694125 0.390888888888889 0.694125 0.39088888888888906 0.848875 0.6551111111111113 0.848875