1 0.3566666666666668 0.280125 0.1333333333333334 0.280125 0.13333333333333341 0.381 0.3566666666666668 0.381
1 0.37277777777777793 0.538875 0.14000000000000015 0.538875 0.14000000000000015 0.637875 0.37277777777777793 0.637875
1 0.6425000000000003 0.53725 0.4230555555555557 0.53725 0.4230555555555557 0.63175 0.6425000000000003 0.63175
1 0.906666666666667 0.531125 0.6916666666666669 0.531125 0.6916666666666669 0.625125 0.906666666666667 0.625125
1 0.3738888888888891 0.659875 0.13805555555555574 0.659875 0.13805555555555576 0.766 0.37388888888888916 0.766
0 0.9116666666666666 0.281 0.6486111111111111 0.281 0.6486111111111111 0.39625 0.9116666666666666 0.39625
0 0.6502777777777777 0.27875 0.3852777777777779 0.27875 0.3852777777777779 0.396125 0.6502777777777777 0.396125
0 0.6469444444444445 0.402875 0.38333333333333347 0.402875 0.38333333333333347 0.513625 0.6469444444444447 0.513625
1 0.6486111111111114 0.6535 0.42222222222222233 0.6535 0.4222222222222224 0.756625 0.6486111111111114 0.756625
0 0.3872222222222223 0.146 0.10305555555555558 0.146 0.10305555555555561 0.274125 0.38722222222222236 0.274125
0 0.6527777777777778 0.15175000000000002 0.38333333333333336 0.15175 0.3833333333333334 0.277 0.6527777777777778 0.277
1 0.911388888888889 0.40025 0.6455555555555555 0.40025 0.6455555555555557 0.509875 0.9113888888888891 0.509875
0 0.9155555555555556 0.15725000000000006 0.6491666666666667 0.15725000000000006 0.6491666666666667 0.27975 0.9155555555555556 0.27975
1 0.38666666666666677 0.398375 0.10527777777777787 0.398375 0.10527777777777789 0.51475 0.38666666666666677 0.51475
1 0.9083333333333335 0.65075 0.6888888888888891 0.65075 0.6888888888888891 0.749625 0.9083333333333335 0.749625