0 0.3862222222222223 0.09087500000000001 0.10911111111111113 0.090875 0.10911111111111114 0.245625 0.3862222222222223 0.245625
0 0.6502222222222223 0.09250000000000004 0.38177777777777777 0.09250000000000003 0.3817777777777778 0.24637500000000004 0.6502222222222223 0.24637500000000007
0 0.9166666666666666 0.09550000000000006 0.6517777777777778 0.09550000000000006 0.6517777777777778 0.24750000000000005 0.9166666666666666 0.24750000000000005
0 0.9135555555555556 0.25137500000000007 0.6473333333333333 0.25137500000000007 0.6473333333333333 0.3965000000000001 0.9135555555555556 0.39650000000000013
0 0.6488888888888888 0.25212500000000004 0.38044444444444453 0.252125 0.38044444444444453 0.39625 0.6488888888888888 0.39625
1 0.384888888888889 0.24625 0.10288888888888895 0.24625 0.10288888888888895 0.39925 0.384888888888889 0.39925
1 0.3777777777777779 0.405125 0.10155555555555563 0.405125 0.10155555555555566 0.543625 0.3777777777777779 0.543625
0 0.6464444444444446 0.40575 0.3780000000000001 0.40575 0.3780000000000001 0.542 0.6464444444444446 0.542
1 0.9173333333333333 0.39862500000000006 0.6435555555555555 0.398625 0.6435555555555557 0.535 0.9173333333333333 0.535
1 0.9157777777777778 0.551875 0.6424444444444446 0.551875 0.6424444444444446 0.686375 0.9157777777777778 0.686375
1 0.6526666666666668 0.5565 0.37866666666666676 0.5565 0.3786666666666668 0.698375 0.6526666666666668 0.698375
1 0.3873333333333335 0.56 0.10622222222222234 0.56 0.10622222222222236 0.704625 0.38733333333333353 0.704625
1 0.3828888888888891 0.708125 0.1024444444444446 0.708125 0.1024444444444446 0.868125 0.3828888888888891 0.868125
1 0.9255555555555556 0.702 0.6491111111111113 0.702 0.6491111111111113 0.858625 0.9255555555555556 0.858625
1 0.6528888888888891 0.701125 0.3791111111111113 0.701125 0.3791111111111113 0.861375 0.6528888888888891 0.861375