1 0.3247222222222223 0.137375 0.0063888888888889266 0.137375 0.0063888888888889465 0.28525 0.32472222222222236 0.28525
1 0.9061111111111111 0.15650000000000006 0.6108333333333333 0.15650000000000006 0.6108333333333333 0.292875 0.9061111111111111 0.292875
0 0.62 0.15200000000000002 0.3225 0.152 0.32250000000000006 0.290125 0.62 0.290125
1 0.9108333333333336 0.683375 0.6169444444444447 0.683375 0.6169444444444447 0.813625 0.9108333333333336 0.813625
0 0.3377777777777779 0.560625 0.02250000000000015 0.560625 0.02250000000000017 0.69325 0.3377777777777779 0.69325
0 0.32222222222222235 0.28625 0.025000000000000078 0.28625 0.0250000000000001 0.425 0.32222222222222235 0.425
0 0.6222222222222222 0.295 0.33611111111111125 0.295 0.33611111111111125 0.42375 0.6222222222222222 0.42375
0 0.9111111111111111 0.2975 0.6333333333333333 0.2975 0.6333333333333333 0.4275 0.9111111111111111 0.4275
0 0.6219444444444447 0.68825 0.3300000000000001 0.68825 0.3300000000000002 0.8195 0.6219444444444447 0.8195
0 0.6219444444444447 0.556875 0.33250000000000013 0.556875 0.33250000000000013 0.683375 0.6219444444444447 0.683375
1 0.3438888888888891 0.696125 0.027777777777777967 0.696125 0.027777777777777988 0.837125 0.34388888888888913 0.837125
0 0.9044444444444447 0.555125 0.6155555555555559 0.555125 0.6155555555555559 0.68125 0.9044444444444447 0.68125
0 0.6172222222222223 0.42925 0.3283333333333335 0.42925 0.3283333333333335 0.54725 0.6172222222222224 0.54725
0 0.3308333333333335 0.427625 0.016111111111111225 0.427625 0.016111111111111243 0.551875 0.3308333333333335 0.551875
0 0.9008333333333335 0.42575 0.6161111111111112 0.42575 0.6161111111111113 0.542 0.9008333333333336 0.542