2 0.755545 0.70065 0.116131 0.219072
2 0.628251 0.697121 0.11092 0.217383
2 0.244123 0.699973 0.128431 0.208118
2 0.738878 0.484528 0.117777 0.196497
2 0.61742 0.481757 0.109953 0.19437
2 0.253524 0.474639 0.108518 0.181607
2 0.72986 0.285658 0.109919 0.178338
2 0.611869 0.28734 0.108685 0.182837
2 0.378524 0.481604 0.107696 0.189026
2 0.498742 0.480121 0.10935 0.1894
2 0.499621 0.689892 0.10541 0.208706
2 0.371949 0.698475 0.118227 0.213535
2 0.500269 0.286908 0.105057 0.186991
2 0.268691 0.283157 0.107885 0.182063
2 0.384111 0.286189 0.105559 0.18094
