0 0.185546875 0.16779661016949152 0.029296875 0.030508474576271188
0 0.267578125 0.15423728813559323 0.02734375 0.03389830508474576
0 0.3056640625 0.15593220338983052 0.02734375 0.03389830508474576
0 0.220703125 0.16101694915254236 0.029296875 0.030508474576271188
0 0.2041015625 0.1864406779661017 0.03125 0.030508474576271188
0 0.2890625 0.18135593220338983 0.029296875 0.030508474576271188
0 0.412109375 0.14915254237288136 0.025390625 0.030508474576271188
0 0.4423828125 0.14745762711864407 0.025390625 0.03389830508474576
0 0.91796875 0.10338983050847457 0.03125 0.03389830508474576
0 0.5009765625 0.17288135593220338 0.021484375 0.04406779661016949
0 0.66796875 0.12033898305084746 0.02734375 0.03389830508474576
0 0.693359375 0.13728813559322034 0.021484375 0.04406779661016949
0 0.4033203125 0.19491525423728814 0.017578125 0.04745762711864407
0 0.4697265625 0.15932203389830507 0.021484375 0.04406779661016949
0 0.6630859375 0.16440677966101694 0.01953125 0.04745762711864407
0 0.6162109375 0.16779661016949152 0.017578125 0.04745762711864407
0 0.6220703125 0.12542372881355932 0.02734375 0.03389830508474576
0 0.48046875 0.21016949152542372 0.01953125 0.04406779661016949
0 0.4697265625 0.19661016949152543 0.01953125 0.04745762711864407
0 0.9658203125 0.9016949152542373 0.0546875 0.1152542372881356
0 0.4892578125 0.15084745762711865 0.017578125 0.04745762711864407
0 0.8369140625 0.10508474576271186 0.029296875 0.03389830508474576
0 0.921875 0.1288135593220339 0.03125 0.030508474576271188
0 0.4169921875 0.19322033898305085 0.017578125 0.04745762711864407
0 0.4365234375 0.19152542372881357 0.017578125 0.04745762711864407
0 0.6435546875 0.1440677966101695 0.017578125 0.04406779661016949
0 0.814453125 0.1271186440677966 0.01953125 0.04745762711864407
0 0.8798828125 0.10338983050847457 0.029296875 0.03389830508474576
0 0.984375 0.8983050847457628 0.03125 0.1152542372881356
0 0.8916015625 0.1423728813559322 0.01953125 0.04745762711864407
0 0.912109375 0.15932203389830507 0.033203125 0.030508474576271188
0 0.859375 0.12542372881355932 0.021484375 0.04745762711864407
0 0.875 0.14745762711864407 0.021484375 0.04745762711864407
0 0.921875 0.7711864406779662 0.025390625 0.04745762711864407
0 0.896484375 0.8067796610169492 0.025390625 0.04067796610169491
0 0.873046875 0.7830508474576271 0.0234375 0.06779661016949153