0 0.232421875 0.061016949152542375 0.03125 0.03728813559322034
0 0.314453125 0.07796610169491526 0.029296875 0.04067796610169491
0 0.3505859375 0.09322033898305085 0.029296875 0.03728813559322034
0 0.267578125 0.06779661016949153 0.03125 0.03728813559322034
0 0.248046875 0.08644067796610169 0.03125 0.03728813559322034
0 0.3310546875 0.11186440677966102 0.03125 0.03728813559322034
0 0.4560546875 0.12542372881355932 0.02734375 0.03728813559322034
0 0.486328125 0.13389830508474576 0.02734375 0.03728813559322034
0 0.9560546875 0.2627118644067797 0.03125 0.03728813559322034
0 0.5400390625 0.17966101694915254 0.0234375 0.04745762711864407
0 0.708984375 0.18983050847457628 0.02734375 0.04067796610169491
0 0.732421875 0.21525423728813559 0.0234375 0.04745762711864407
0 0.44140625 0.16610169491525423 0.01953125 0.05084745762711865
0 0.5107421875 0.15593220338983052 0.0234375 0.04745762711864407
0 0.69921875 0.2305084745762712 0.0234375 0.05084745762711865
0 0.654296875 0.21694915254237288 0.01953125 0.05084745762711865
0 0.6640625 0.17796610169491525 0.029296875 0.04067796610169491
0 0.515625 0.21016949152542372 0.021484375 0.04745762711864407
0 0.5068359375 0.19322033898305085 0.021484375 0.04745762711864407
0 0.53125 0.15423728813559323 0.021484375 0.05084745762711865
0 0.876953125 0.23559322033898306 0.03125 0.03728813559322034
0 0.95703125 0.28983050847457625 0.03125 0.03728813559322034
0 0.4560546875 0.1694915254237288 0.01953125 0.05084745762711865
0 0.474609375 0.17627118644067796 0.01953125 0.05084745762711865
0 0.6826171875 0.20508474576271185 0.01953125 0.04745762711864407
0 0.8525390625 0.24745762711864408 0.021484375 0.04745762711864407
0 0.9189453125 0.24915254237288137 0.03125 0.04067796610169491
0 0.9267578125 0.29152542372881357 0.021484375 0.04745762711864407
0 0.9443359375 0.3152542372881356 0.033203125 0.03728813559322034
0 0.896484375 0.2627118644067797 0.0234375 0.05084745762711865
0 0.9091796875 0.28983050847457625 0.025390625 0.05084745762711865
0 0.8798828125 0.9186440677966101 0.02734375 0.05084745762711865
0 0.8515625 0.9423728813559322 0.02734375 0.04406779661016949
0 0.8310546875 0.911864406779661 0.02734375 0.0711864406779661