0 0.4853515625 0.13537117903930132 0.021484375 0.043668122270742356
0 0.529296875 0.17467248908296942 0.017578125 0.05240174672489083
0 0.5029296875 0.18340611353711792 0.017578125 0.05240174672489083
0 0.802734375 0.2423580786026201 0.021484375 0.048034934497816595
0 0.62109375 0.21397379912663755 0.017578125 0.056768558951965066
0 0.6298828125 0.18340611353711792 0.021484375 0.05240174672489083
0 0.29296875 0.07860262008733625 0.0234375 0.039301310043668124
0 0.2802734375 0.05895196506550218 0.0234375 0.048034934497816595
0 0.44921875 0.15938864628820962 0.015625 0.0611353711790393
0 0.685546875 0.2205240174672489 0.01953125 0.0611353711790393
0 0.3466796875 0.08296943231441048 0.0234375 0.05240174672489083
0 0.87109375 0.2685589519650655 0.0234375 0.048034934497816595
0 0.83984375 0.25109170305676853 0.01953125 0.043668122270742356
0 0.359375 0.10262008733624454 0.0234375 0.039301310043668124
0 0.666015625 0.1943231441048035 0.021484375 0.05240174672489083
0 0.3759765625 0.09388646288209607 0.0234375 0.048034934497816595
0 0.8466796875 0.2925764192139738 0.01953125 0.056768558951965066
0 0.783203125 0.25327510917030566 0.017578125 0.056768558951965066
0 0.6455078125 0.2074235807860262 0.017578125 0.056768558951965066
0 0.875 0.2925764192139738 0.021484375 0.048034934497816595
0 0.8193359375 0.2663755458515284 0.01953125 0.0611353711790393
0 0.865234375 0.31222707423580787 0.0234375 0.043668122270742356
0 0.8330078125 0.2903930131004367 0.01953125 0.056768558951965066
0 0.6591796875 0.2292576419213974 0.017578125 0.0611353711790393
0 0.8359375 0.9279475982532751 0.029296875 0.048034934497816595
0 0.904296875 0.9694323144104804 0.04296875 0.0611353711790393
0 0.92578125 0.9737991266375546 0.046875 0.05240174672489083
0 0.865234375 0.9104803493449781 0.025390625 0.06550218340611354
0 0.8154296875 0.8930131004366813 0.025390625 0.06550218340611354
0 0.4599609375 0.12445414847161572 0.01953125 0.043668122270742356
0 0.5068359375 0.1462882096069869 0.015625 0.039301310043668124
0 0.521484375 0.15065502183406113 0.013671875 0.048034934497816595
0 0.51171875 0.18777292576419213 0.013671875 0.03056768558951965
0 0.4619140625 0.1572052401746725 0.015625 0.043668122270742356
0 0.4775390625 0.1615720524017467 0.017578125 0.048034934497816595
0 0.3125 0.06768558951965066 0.025390625 0.05240174672489083