0 0.44140625 0.15938864628820962 0.01953125 0.043668122270742356
0 0.48828125 0.16812227074235808 0.017578125 0.05240174672489083
0 0.4638671875 0.1943231441048035 0.017578125 0.05240174672489083
0 0.7587890625 0.06550218340611354 0.021484375 0.048034934497816595
0 0.58203125 0.15065502183406113 0.017578125 0.056768558951965066
0 0.5859375 0.11572052401746726 0.021484375 0.05240174672489083
0 0.2490234375 0.22270742358078602 0.0234375 0.039301310043668124
0 0.234375 0.21179039301310043 0.0234375 0.048034934497816595
0 0.4091796875 0.2052401746724891 0.015625 0.0611353711790393
0 0.6435546875 0.11790393013100436 0.01953125 0.0611353711790393
0 0.30078125 0.19213973799126638 0.0234375 0.05240174672489083
0 0.828125 0.05021834061135371 0.0234375 0.048034934497816595
0 0.7958984375 0.05240174672489083 0.01953125 0.043668122270742356
0 0.31640625 0.20305676855895197 0.021484375 0.034934497816593885
0 0.6220703125 0.10480349344978165 0.021484375 0.05240174672489083
0 0.3310546875 0.185589519650655 0.021484375 0.043668122270742356
0 0.8076171875 0.08733624454148471 0.01953125 0.056768558951965066
0 0.7421875 0.08733624454148471 0.017578125 0.056768558951965066
0 0.603515625 0.13100436681222707 0.017578125 0.056768558951965066
0 0.8349609375 0.06986899563318777 0.021484375 0.048034934497816595
0 0.7783203125 0.07860262008733625 0.01953125 0.056768558951965066
0 0.8271484375 0.09388646288209607 0.0234375 0.043668122270742356
0 0.7939453125 0.09170305676855896 0.017578125 0.056768558951965066
0 0.619140625 0.14192139737991266 0.017578125 0.0611353711790393
0 0.8759765625 0.7052401746724891 0.029296875 0.048034934497816595
0 0.9541015625 0.7620087336244541 0.041015625 0.17903930131004367
0 0.9765625 0.7554585152838428 0.04296875 0.17903930131004367
0 0.9013671875 0.6681222707423581 0.0234375 0.06550218340611354
0 0.8515625 0.6834061135371179 0.0234375 0.06550218340611354
0 0.416015625 0.16375545851528384 0.01953125 0.043668122270742356
0 0.462890625 0.15502183406113537 0.015625 0.039301310043668124
0 0.4775390625 0.15065502183406113 0.013671875 0.048034934497816595
0 0.47265625 0.1943231441048035 0.013671875 0.03056768558951965
0 0.4208984375 0.1943231441048035 0.015625 0.043668122270742356
0 0.4365234375 0.18995633187772926 0.017578125 0.043668122270742356
0 0.2666015625 0.19868995633187772 0.025390625 0.048034934497816595