0 0.8356940509915014 0.5039138943248532 0.039660056657223795 0.029354207436399216
0 0.6558073654390935 0.13111545988258316 0.0339943342776204 0.029354207436399216
0 0.6869688385269122 0.19471624266144813 0.036827195467422094 0.03131115459882583
0 0.6685552407932012 0.15949119373776907 0.0339943342776204 0.03131115459882583
0 0.8555240793201133 0.5489236790606654 0.039660056657223795 0.03131115459882583
0 0.7507082152974505 0.3649706457925636 0.042492917847025496 0.023483365949119372
0 0.6742209631728046 0.21428571428571427 0.0339943342776204 0.033268101761252444
0 0.6444759206798867 0.1487279843444227 0.0339943342776204 0.03522504892367906
0 0.7521246458923513 0.39628180039138944 0.042492917847025496 0.025440313111545987
0 0.7946175637393768 0.50293542074364 0.0453257790368272 0.025440313111545987
0 0.7634560906515581 0.38258317025440314 0.042492917847025496 0.0273972602739726
0 0.6983002832861189 0.22504892367906065 0.0339943342776204 0.03131115459882583
0 0.7181303116147308 0.37084148727984345 0.0453257790368272 0.025440313111545987
0 0.7507082152974505 0.34148727984344424 0.0339943342776204 0.029354207436399216
0 0.9447592067988668 0.7289628180039139 0.042492917847025496 0.033268101761252444
0 0.8243626062322946 0.525440313111546 0.0453257790368272 0.025440313111545987
0 0.9135977337110481 0.7045009784735812 0.04815864022662889 0.0273972602739726
0 0.7124645892351275 0.3816046966731898 0.0453257790368272 0.025440313111545987
0 0.7379603399433428 0.3150684931506849 0.036827195467422094 0.0273972602739726
0 0.6997167138810199 0.30919765166340507 0.042492917847025496 0.023483365949119372
0 0.22521246458923513 0.9686888454011742 0.10198300283286119 0.033268101761252444
0 0.9688385269121813 0.7778864970645792 0.042492917847025496 0.033268101761252444
0 0.7124645892351275 0.3395303326810176 0.042492917847025496 0.025440313111545987
0 0.7039660056657224 0.32093933463796476 0.039660056657223795 0.023483365949119372
0 0.8484419263456091 0.5753424657534246 0.0453257790368272 0.025440313111545987
0 0.9376770538243626 0.7553816046966731 0.04815864022662889 0.025440313111545987
0 0.8158640226628895 0.547945205479452 0.04815864022662889 0.025440313111545987
0 0.9235127478753541 0.7749510763209393 0.05099150141643059 0.0273972602739726
0 0.9830028328611898 0.8238747553816047 0.0339943342776204 0.03522504892367906
0 0.3101983002832861 0.8835616438356164 0.036827195467422094 0.03522504892367906
0 0.34560906515580736 0.9119373776908023 0.05099150141643059 0.0273972602739726
0 0.9320113314447592 0.8238747553816047 0.036827195467422094 0.03522504892367906
0 0.330028328611898 0.850293542074364 0.04815864022662889 0.0273972602739726
0 0.9348441926345609 0.7945205479452054 0.05099150141643059 0.0273972602739726
0 0.9645892351274787 0.8326810176125244 0.042492917847025496 0.03522504892367906
0 0.23087818696883852 0.9882583170254403 0.1048158640226629 0.023483365949119372