0 0.7988668555240793 0.6046966731898239 0.036827195467422094 0.0273972602739726
0 0.8739376770538244 0.21526418786692758 0.0339943342776204 0.029354207436399216
0 0.8611898016997167 0.28180039138943247 0.0339943342776204 0.029354207436399216
0 0.8668555240793201 0.2446183953033268 0.0339943342776204 0.03131115459882583
0 0.7889518413597734 0.6516634050880626 0.039660056657223795 0.03131115459882583
0 0.8116147308781869 0.45401174168297453 0.039660056657223795 0.023483365949119372
0 0.8385269121813032 0.29549902152641877 0.0339943342776204 0.033268101761252444
0 0.8526912181303116 0.22798434442270057 0.0339943342776204 0.033268101761252444
0 0.7932011331444759 0.48336594911937375 0.042492917847025496 0.023483365949119372
0 0.7634560906515581 0.5919765166340509 0.0453257790368272 0.025440313111545987
0 0.8116147308781869 0.4735812133072407 0.042492917847025496 0.0273972602739726
0 0.8526912181303116 0.3131115459882583 0.0339943342776204 0.03131115459882583
0 0.7790368271954674 0.449119373776908 0.0453257790368272 0.025440313111545987
0 0.8257790368271954 0.4334637964774951 0.0339943342776204 0.029354207436399216
0 0.7549575070821529 0.8395303326810176 0.039660056657223795 0.03131115459882583
0 0.7747875354107648 0.6213307240704501 0.0453257790368272 0.025440313111545987
0 0.7422096317280453 0.8082191780821918 0.04815864022662889 0.025440313111545987
0 0.7662889518413598 0.45792563600782776 0.042492917847025496 0.025440313111545987
0 0.8314447592067988 0.4050880626223092 0.0339943342776204 0.0273972602739726
0 0.8002832861189801 0.38943248532289626 0.039660056657223795 0.023483365949119372
0 0.7450424929178471 0.8923679060665362 0.039660056657223795 0.033268101761252444
0 0.7932011331444759 0.4197651663405088 0.042492917847025496 0.023483365949119372
0 0.7974504249291785 0.40117416829745595 0.039660056657223795 0.023483365949119372
0 0.7662889518413598 0.6731898238747553 0.0453257790368272 0.023483365949119372
0 0.7308781869688386 0.8620352250489237 0.04815864022662889 0.025440313111545987
0 0.7535410764872521 0.6389432485322897 0.04815864022662889 0.023483365949119372
0 0.7067988668555241 0.87573385518591 0.04815864022662889 0.025440313111545987
0 0.7322946175637394 0.9383561643835616 0.039660056657223795 0.033268101761252444
0 0.08640226628895184 0.786692759295499 0.036827195467422094 0.033268101761252444
0 0.09915014164305949 0.8228962818003914 0.05099150141643059 0.0273972602739726
0 0.6827195467422096 0.9227005870841487 0.036827195467422094 0.03522504892367906
0 0.12464589235127478 0.7632093933463796 0.04815864022662889 0.025440313111545987
0 0.7039660056657224 0.8962818003913894 0.05099150141643059 0.025440313111545987
0 0.7067988668555241 0.9393346379647749 0.039660056657223795 0.033268101761252444