0 0.24197860962566844 0.69921875 0.034759358288770054 0.03125
0 0.2192513368983957 0.4677734375 0.0374331550802139 0.02734375
0 0.20454545454545456 0.482421875 0.0374331550802139 0.025390625
0 0.2553475935828877 0.4853515625 0.0427807486631016 0.03125
0 0.2446524064171123 0.52734375 0.0427807486631016 0.029296875
0 0.5989304812834224 0.0634765625 0.0374331550802139 0.029296875
0 0.25267379679144386 0.748046875 0.034759358288770054 0.033203125
0 0.21524064171122995 0.5009765625 0.0427807486631016 0.029296875
0 0.19518716577540107 0.328125 0.0427807486631016 0.029296875
0 0.2540106951871658 0.55859375 0.0427807486631016 0.025390625
0 0.20989304812834225 0.525390625 0.03208556149732621 0.03125
0 0.17245989304812834 0.3056640625 0.040106951871657755 0.029296875
0 0.25 0.5458984375 0.0427807486631016 0.025390625
0 0.2446524064171123 0.49609375 0.0427807486631016 0.029296875
0 0.18315508021390375 0.345703125 0.040106951871657755 0.025390625
0 0.2620320855614973 0.7880859375 0.034759358288770054 0.03515625
0 0.23529411764705882 0.6611328125 0.034759358288770054 0.033203125
0 0.2606951871657754 0.67578125 0.03208556149732621 0.03125
0 0.21657754010695188 0.5556640625 0.029411764705882353 0.03125
0 0.20320855614973263 0.3671875 0.0427807486631016 0.029296875
0 0.27941176470588236 0.765625 0.034759358288770054 0.033203125
0 0.6189839572192514 0.08984375 0.058823529411764705 0.048828125
0 0.15240641711229946 0.2119140625 0.040106951871657755 0.02734375
0 0.16176470588235295 0.3271484375 0.03208556149732621 0.029296875
0 0.1711229946524064 0.3681640625 0.034759358288770054 0.033203125
0 0.6724598930481284 0.021484375 0.09893048128342247 0.04296875