0 0.23663101604278075 0.6953125 0.034759358288770054 0.03125
0 0.22058823529411764 0.4638671875 0.0374331550802139 0.02734375
0 0.20454545454545456 0.478515625 0.0374331550802139 0.025390625
0 0.2553475935828877 0.482421875 0.0427807486631016 0.03125
0 0.2446524064171123 0.5234375 0.0427807486631016 0.02734375
0 0.6082887700534759 0.0654296875 0.034759358288770054 0.029296875
0 0.24732620320855614 0.744140625 0.034759358288770054 0.033203125
0 0.21524064171122995 0.498046875 0.040106951871657755 0.029296875
0 0.19919786096256684 0.32421875 0.0427807486631016 0.029296875
0 0.25267379679144386 0.5556640625 0.0427807486631016 0.025390625
0 0.20855614973262032 0.521484375 0.029411764705882353 0.03125
0 0.17647058823529413 0.3017578125 0.040106951871657755 0.029296875
0 0.24866310160427807 0.5419921875 0.0427807486631016 0.025390625
0 0.2446524064171123 0.4921875 0.040106951871657755 0.029296875
0 0.18716577540106952 0.341796875 0.040106951871657755 0.025390625
0 0.2540106951871658 0.78515625 0.034759358288770054 0.03515625
0 0.232620320855615 0.6572265625 0.034759358288770054 0.033203125
0 0.25668449197860965 0.6728515625 0.03208556149732621 0.03125
0 0.21524064171122995 0.5517578125 0.029411764705882353 0.029296875
0 0.20588235294117646 0.3642578125 0.0427807486631016 0.029296875
0 0.2727272727272727 0.7626953125 0.03208556149732621 0.033203125
0 0.6283422459893048 0.091796875 0.058823529411764705 0.048828125
0 0.16042780748663102 0.2080078125 0.040106951871657755 0.02734375
0 0.1657754010695187 0.3232421875 0.029411764705882353 0.029296875
0 0.17379679144385027 0.3642578125 0.034759358288770054 0.033203125
0 0.6844919786096256 0.0234375 0.0962566844919786 0.046875