0 0.18349478920532275 0.6474604651162791 0.02740514861335654 0.028018604651162793
0 0.2388017410769805 0.41919069767441863 0.03151846785225717 0.023423255813953436
0 0.21925392364133814 0.4309116279069768 0.03311030966297726 0.019944186046511714
0 0.26754403681134187 0.4426232558139535 0.03412908842183807 0.02680930232558143
0 0.2438192264643701 0.4812 0.03670150478796167 0.02267906976744194
0 0.7399772167640841 0.09417674418604652 0.02913707250341998 0.02483720930232558
0 0.17847730381793311 0.6967813953488372 0.02669200348215393 0.029590697674418465
0 0.22376201964929737 0.4509302325581396 0.03440925258052477 0.024799999999999933
0 0.26069274965800276 0.27929302325581395 0.03559358288770049 0.024279069767441874
0 0.24131048377067532 0.5136744186046512 0.03835702027111056 0.020018604651162786
0 0.21005944534261906 0.4729023255813954 0.022540480039796047 0.027479069767441855
0 0.2459841313269494 0.25341395348837215 0.03304663599054846 0.023823255813953503
0 0.24197268996393484 0.5 0.037834896157194334 0.019711627906976836
0 0.25400701405297854 0.4509302325581396 0.0345875388633255 0.02488372093023261
0 0.2438192264643701 0.29467906976744185 0.033696107449322214 0.020725581395348858
0 0.17312871533391366 0.7373023255813954 0.02552040790946401 0.031079069767441903
0 0.19034607635866188 0.6093767441860466 0.025380325830120665 0.029925581395348955
0 0.20939723914935957 0.6284186046511628 0.02361019773659999 0.02810232558139547
0 0.20621355552791945 0.503413953488372 0.021929212784479606 0.027330232558139655
0 0.2555097127222982 0.31908837209302326 0.03507145877378442 0.024334883720930178
0 0.19785956970526056 0.7182604651162791 0.02485820171620444 0.02975813953488382
0 0.750674393732123 0.12305116279069768 0.04583230941425196 0.04287441860465116
0 0.25869339634373834 0.15930232558139537 0.033759781121751015 0.021869767441860477
0 0.22877950503668698 0.2727069767441861 0.02316448202959831 0.026260465116279108
0 0.22409312274592716 0.31372093023255815 0.024819997512747202 0.030567441860465117
0 0.8342269866931975 0.04492093023255815 0.07486750404178567 0.07861395348837211