0 0.1484375 0.03359683794466403 0.05078125 0.06719367588932806
0 0.6650390625 0.849802371541502 0.025390625 0.039525691699604744
0 0.748046875 0.8695652173913043 0.025390625 0.039525691699604744
0 0.7294921875 0.8913043478260869 0.02734375 0.039525691699604744
0 0.7646484375 0.8992094861660079 0.02734375 0.03557312252964427
0 0.646484375 0.8715415019762845 0.02734375 0.039525691699604744
0 0.4599609375 0.7964426877470355 0.021484375 0.05533596837944664
0 0.5234375 0.7944664031620553 0.017578125 0.04743083003952569
0 0.3515625 0.7628458498023716 0.01953125 0.05138339920948617
0 0.5126953125 0.8359683794466403 0.025390625 0.043478260869565216
0 0.1611328125 0.7450592885375494 0.017578125 0.05138339920948617
0 0.07421875 0.6778656126482213 0.02734375 0.039525691699604744
0 0.6806640625 0.8814229249011858 0.02734375 0.03162055335968379
0 0.2763671875 0.7687747035573123 0.01953125 0.05138339920948617
0 0.30859375 0.7529644268774703 0.01953125 0.05138339920948617
0 0.1083984375 0.7035573122529645 0.021484375 0.05138339920948617
0 0.482421875 0.758893280632411 0.017578125 0.04743083003952569
0 0.09375 0.7035573122529645 0.021484375 0.05138339920948617
0 0.5419921875 0.8438735177865613 0.025390625 0.043478260869565216
0 0.4912109375 0.7766798418972332 0.01953125 0.05138339920948617
0 0.060546875 0.7055335968379447 0.029296875 0.039525691699604744
0 0.1181640625 0.733201581027668 0.01953125 0.05138339920948617
0 0.32421875 0.7766798418972332 0.017578125 0.05533596837944664
0 0.5556640625 0.8023715415019763 0.01953125 0.05138339920948617
0 0.3408203125 0.8023715415019763 0.025390625 0.03557312252964427
0 0.1357421875 0.7549407114624506 0.02734375 0.03557312252964427
0 0.46875 0.8201581027667985 0.01953125 0.05138339920948617
0 0.5419921875 0.7984189723320159 0.01953125 0.05138339920948617
0 0.0947265625 0.7450592885375494 0.029296875 0.039525691699604744
0 0.490234375 0.8181818181818182 0.021484375 0.05533596837944664
0 0.296875 0.7924901185770751 0.02734375 0.03557312252964427
0 0.060546875 0.733201581027668 0.029296875 0.039525691699604744
0 0.1650390625 0.12845849802371542 0.0234375 0.05928853754940711
0 0.19140625 0.1067193675889328 0.025390625 0.04743083003952569
0 0.20703125 0.13636363636363635 0.021484375 0.05533596837944664
0 0.1181640625 0.021739130434782608 0.033203125 0.043478260869565216