0 0.0869140625 0.2509881422924901 0.056640625 0.1541501976284585
0 0.7119140625 0.7213438735177866 0.02734375 0.043478260869565216
0 0.7939453125 0.6857707509881423 0.02734375 0.043478260869565216
0 0.779296875 0.7193675889328063 0.02734375 0.043478260869565216
0 0.814453125 0.7035573122529645 0.02734375 0.039525691699604744
0 0.6982421875 0.7549407114624506 0.029296875 0.043478260869565216
0 0.509765625 0.8063241106719368 0.0234375 0.05928853754940711
0 0.5693359375 0.7628458498023716 0.01953125 0.05138339920948617
0 0.40234375 0.8458498023715415 0.021484375 0.05533596837944664
0 0.56640625 0.8102766798418972 0.02734375 0.04743083003952569
0 0.2197265625 0.9545454545454546 0.01953125 0.05533596837944664
0 0.1259765625 0.9486166007905138 0.029296875 0.043478260869565216
0 0.732421875 0.741106719367589 0.029296875 0.03557312252964427
0 0.33203125 0.9011857707509882 0.021484375 0.05533596837944664
0 0.359375 0.8656126482213439 0.021484375 0.05533596837944664
0 0.162109375 0.950592885375494 0.0234375 0.05138339920948617
0 0.525390625 0.7549407114624506 0.01953125 0.05138339920948617
0 0.1484375 0.9604743083003953 0.0234375 0.05138339920948617
0 0.5947265625 0.7984189723320159 0.02734375 0.04743083003952569
0 0.5361328125 0.766798418972332 0.021484375 0.05138339920948617
0 0.1162109375 0.9802371541501976 0.029296875 0.039525691699604744
0 0.1767578125 0.9723320158102767 0.021484375 0.05533596837944664
0 0.3779296875 0.8774703557312253 0.01953125 0.05533596837944664
0 0.6015625 0.7490118577075099 0.021484375 0.05138339920948617
0 0.3984375 0.8913043478260869 0.025390625 0.039525691699604744
0 0.1962890625 0.9802371541501976 0.029296875 0.039525691699604744
0 0.521484375 0.8221343873517787 0.021484375 0.05533596837944664
0 0.587890625 0.7549407114624506 0.01953125 0.05138339920948617
0 0.15625 0.9881422924901185 0.03125 0.023715415019762844
0 0.5419921875 0.808300395256917 0.0234375 0.05533596837944664
0 0.35546875 0.9090909090909091 0.02734375 0.039525691699604744
0 0.12109375 0.9940711462450593 0.03125 0.011857707509881422
0 0.1240234375 0.3695652173913043 0.025390625 0.06324110671936758
0 0.14453125 0.33201581027667987 0.02734375 0.05138339920948617
0 0.1640625 0.34980237154150196 0.0234375 0.05928853754940711
0 0.0546875 0.2549407114624506 0.0390625 0.1383399209486166