0 0.158203125 0.6214953271028038 0.021484375 0.037383177570093455
0 0.23828125 0.6752336448598131 0.025390625 0.037383177570093455
0 0.177734375 0.6273364485981309 0.021484375 0.0397196261682243
0 0.36328125 0.7266355140186916 0.021484375 0.035046728971962614
0 0.3974609375 0.7254672897196262 0.021484375 0.035046728971962614
0 0.541015625 0.794392523364486 0.03125 0.035046728971962614
0 0.134765625 0.594626168224299 0.03515625 0.028037383177570093
0 0.44140625 0.7441588785046729 0.021484375 0.037383177570093455
0 0.6015625 0.8119158878504673 0.0234375 0.035046728971962614
0 0.546875 0.8130841121495327 0.03125 0.035046728971962614
0 0.5859375 0.8364485981308412 0.03125 0.02336448598130841
0 0.3818359375 0.7523364485981309 0.029296875 0.02570093457943925
0 0.4248046875 0.772196261682243 0.029296875 0.02570093457943925
0 0.1884765625 0.6530373831775701 0.021484375 0.037383177570093455
0 0.5732421875 0.7920560747663551 0.02734375 0.03271028037383177
0 0.412109375 0.7476635514018691 0.025390625 0.035046728971962614
0 0.6328125 0.8247663551401869 0.01953125 0.03271028037383177
0 0.115234375 0.6121495327102804 0.03515625 0.028037383177570093
0 0.56640625 0.7768691588785047 0.029296875 0.035046728971962614
0 0.1123046875 0.6343457943925234 0.03515625 0.02570093457943925
0 0.15625 0.6565420560747663 0.033203125 0.02570093457943925
0 0.619140625 0.8189252336448598 0.021484375 0.03271028037383177
0 0.6103515625 0.8469626168224299 0.03125 0.02336448598130841
0 0.783203125 0.9217289719626168 0.025390625 0.02336448598130841
0 0.6962890625 0.8855140186915887 0.033203125 0.02570093457943925
0 0.7236328125 0.8983644859813084 0.029296875 0.02570093457943925
0 0.7109375 0.875 0.03515625 0.02336448598130841
0 0.755859375 0.9088785046728972 0.029296875 0.02336448598130841
0 0.568359375 0.8177570093457944 0.025390625 0.03271028037383177
0 0.771484375 0.9007009345794392 0.033203125 0.02102803738317757
0 0.291015625 0.14369158878504673 0.021484375 0.04205607476635514
0 0.2060546875 0.677570093457944 0.033203125 0.028037383177570093
0 0.326171875 0.14369158878504673 0.03125 0.03271028037383177
0 0.3427734375 0.17873831775700935 0.021484375 0.04205607476635514
0 0.2998046875 0.0397196261682243 0.052734375 0.0794392523364486
0 0.275390625 0.03154205607476635 0.046875 0.0630841121495327