0 0.18359375 0.697429906542056 0.01953125 0.035046728971962614
0 0.2705078125 0.7313084112149533 0.0234375 0.035046728971962614
0 0.2041015625 0.6985981308411215 0.01953125 0.037383177570093455
0 0.40234375 0.7546728971962616 0.01953125 0.035046728971962614
0 0.435546875 0.7441588785046729 0.01953125 0.03271028037383177
0 0.5869140625 0.780373831775701 0.029296875 0.03271028037383177
0 0.15625 0.6764018691588785 0.033203125 0.02336448598130841
0 0.4814453125 0.7523364485981309 0.01953125 0.035046728971962614
0 0.6494140625 0.7827102803738317 0.021484375 0.03271028037383177
0 0.595703125 0.7967289719626168 0.029296875 0.03271028037383177
0 0.6376953125 0.8095794392523364 0.029296875 0.02102803738317757
0 0.4248046875 0.7745327102803738 0.029296875 0.02336448598130841
0 0.4697265625 0.7838785046728972 0.029296875 0.02336448598130841
0 0.21875 0.7219626168224299 0.01953125 0.035046728971962614
0 0.6181640625 0.7698598130841121 0.025390625 0.030373831775700934
0 0.453125 0.7628504672897196 0.0234375 0.035046728971962614
0 0.681640625 0.7885514018691588 0.017578125 0.030373831775700934
0 0.1396484375 0.6985981308411215 0.033203125 0.02336448598130841
0 0.609375 0.7570093457943925 0.02734375 0.030373831775700934
0 0.140625 0.7207943925233645 0.033203125 0.02336448598130841
0 0.1875 0.7324766355140186 0.033203125 0.02336448598130841
0 0.66796875 0.7862149532710281 0.01953125 0.030373831775700934
0 0.6630859375 0.8154205607476636 0.03125 0.02102803738317757
0 0.845703125 0.8492990654205608 0.0234375 0.02102803738317757
0 0.75390625 0.8329439252336449 0.03125 0.02102803738317757
0 0.783203125 0.8399532710280374 0.02734375 0.02102803738317757
0 0.7666015625 0.8200934579439252 0.03515625 0.02102803738317757
0 0.81640625 0.8434579439252337 0.029296875 0.02102803738317757
0 0.6171875 0.7967289719626168 0.0234375 0.030373831775700934
0 0.830078125 0.830607476635514 0.03125 0.018691588785046728
0 0.23828125 0.19742990654205608 0.01953125 0.0397196261682243
0 0.240234375 0.741822429906542 0.033203125 0.02336448598130841
0 0.2724609375 0.19042056074766356 0.029296875 0.030373831775700934
0 0.2939453125 0.21962616822429906 0.017578125 0.04205607476635514
0 0.2275390625 0.07827102803738317 0.044921875 0.10981308411214953
0 0.201171875 0.07126168224299065 0.0390625 0.10514018691588785