0 0.4885294117647059 0.19488652153774896 0.02706801470588238 0.028559518295507163
0 0.3984375 0.3110236220472441 0.02706801470588238 0.021574803149606258
0 0.35644301470588236 0.37131079203334877 0.026700367647058743 0.018916164891153227
0 0.5620128676470588 0.1601852709587772 0.025863970588235308 0.027438628994905047
0 0.3842738970588235 0.34128763316350164 0.026553308823529354 0.02246410375173696
0 0.5356433823529412 0.17211672070402964 0.026305147058823364 0.023603520148216785
0 0.5239246323529412 0.18750347383047708 0.02937499999999993 0.024094488188976394
0 0.3784191176470588 0.31717461787864754 0.02711397058823528 0.025419175544233487
0 0.36840992647058823 0.345715609078277 0.030101102941176516 0.020074108383510866
0 0.5185569852941176 0.160064844835572 0.026856617647058822 0.02686428902269571
0 0.5454136029411765 0.13053265400648448 0.022205882352941186 0.027438628994905047
0 0.3513143382352941 0.3491616489115331 0.02692095588235288 0.023649837887911043
0 0.5590808823529412 0.13718388142658638 0.02722426470588224 0.02611394163964797
0 0.77734375 0.49827698008337196 0.02752757352941182 0.029708198239925782
0 0.7431617647058822 0.5007410838351088 0.030275735294117645 0.026762389995368334
0 0.13671875 0.589569245020843 0.027270220588235305 0.02133395090319599
0 0.47802389705882353 0.2229365446966188 0.02965073529411766 0.02100972672533583
0 0.17785845588235294 0.5437980546549328 0.02711397058823528 0.021130152848541018
0 0.7885753676470588 0.4611208893006021 0.030376838235294024 0.027021769337656362
0 0.8837867647058822 0.48744789254284393 0.05080882352941174 0.060778138026864235
0 0.8579136029411765 0.5044279759147754 0.056029411764705994 0.05825845298749426
0 0.1706893382352941 0.5690504863362668 0.026259191176470575 0.015877721167207145
0 0.15165441176470587 0.5670588235294117 0.022325367647058836 0.022501157943492257
0 0.12932904411764706 0.6100694766095415 0.02757352941176472 0.01323761000463182
0 0.1142371323529412 0.6120518758684577 0.01838235294117649 0.0198517832329783
0 0.2862408088235294 0.4406762389995368 0.02888786764705875 0.018527095877721212
0 0.2809834558823529 0.47111625752663266 0.018382352941176516 0.015877721167207034
0 0.2685110294117647 0.4406762389995368 0.017068014705882373 0.026465956461324786
0 0.2606341911764706 0.4565632237146827 0.017068014705882373 0.02117647058823528
0 0.2461948529411765 0.4678091709124595 0.024944852941176432 0.01985178323297819
0 0.24881433823529409 0.48633626679018066 0.024944852941176432 0.02250115794349237
0 0.22846507352941176 0.4836868920796665 0.01575367647058823 0.017202408522464012
0 0.2389705882352941 0.5008893006021307 0.026259191176470603 0.017202408522464012
0 0.23109375000000001 0.5088374247336729 0.021011029411764692 0.017202408522464067