0 0.525390625 0.19586614173228348 0.03125 0.031496062992125984
0 0.421875 0.3001968503937008 0.029296875 0.025590551181102362
0 0.373046875 0.3543307086614173 0.029296875 0.021653543307086614
0 0.6025390625 0.1702755905511811 0.029296875 0.02952755905511811
0 0.404296875 0.328740157480315 0.029296875 0.025590551181102362
0 0.5751953125 0.17913385826771652 0.029296875 0.027559055118110236
0 0.5615234375 0.19291338582677164 0.03125 0.027559055118110236
0 0.4013671875 0.3031496062992126 0.029296875 0.02952755905511811
0 0.3876953125 0.33070866141732286 0.033203125 0.023622047244094488
0 0.5595703125 0.16535433070866143 0.029296875 0.02952755905511811
0 0.58984375 0.13877952755905512 0.025390625 0.02952755905511811
0 0.37109375 0.3316929133858268 0.029296875 0.027559055118110236
0 0.6025390625 0.1466535433070866 0.029296875 0.02952755905511811
0 0.775390625 0.53248031496063 0.03125 0.03346456692913386
0 0.7412109375 0.530511811023622 0.033203125 0.02952755905511811
0 0.12890625 0.5442913385826772 0.029296875 0.023622047244094488
0 0.51171875 0.22244094488188976 0.03125 0.023622047244094488
0 0.1748046875 0.5039370078740157 0.029296875 0.023622047244094488
0 0.791015625 0.4970472440944882 0.033203125 0.031496062992125984
0 0.8828125 0.5344488188976378 0.05859375 0.06692913385826772
0 0.8544921875 0.5482283464566929 0.0625 0.06496062992125984
0 0.1650390625 0.5285433070866141 0.02734375 0.01968503937007874
0 0.146484375 0.5236220472440944 0.025390625 0.025590551181102362
0 0.119140625 0.5639763779527559 0.029296875 0.015748031496062992
0 0.103515625 0.5639763779527559 0.021484375 0.021653543307086614
0 0.294921875 0.4153543307086614 0.03125 0.021653543307086614
0 0.2861328125 0.4448818897637795 0.01953125 0.017716535433070866
0 0.27734375 0.4124015748031496 0.01953125 0.027559055118110236
0 0.267578125 0.4271653543307087 0.01953125 0.023622047244094488
0 0.251953125 0.43700787401574803 0.02734375 0.023622047244094488
0 0.251953125 0.45570866141732286 0.02734375 0.025590551181102362
0 0.232421875 0.4507874015748031 0.017578125 0.01968503937007874
0 0.2412109375 0.468503937007874 0.02734375 0.01968503937007874
0 0.232421875 0.47539370078740156 0.0234375 0.01968503937007874