0 0.4677734375 0.1968503937007874 0.029296875 0.02952755905511811
0 0.3857421875 0.3188976377952756 0.029296875 0.023622047244094488
0 0.34765625 0.38188976377952755 0.02734375 0.021653543307086614
0 0.5380859375 0.15649606299212598 0.02734375 0.02952755905511811
0 0.3740234375 0.3494094488188976 0.02734375 0.023622047244094488
0 0.5126953125 0.1702755905511811 0.02734375 0.025590551181102362
0 0.501953125 0.18700787401574803 0.03125 0.025590551181102362
0 0.3662109375 0.3257874015748031 0.029296875 0.027559055118110236
0 0.3583984375 0.35531496062992124 0.03125 0.021653543307086614
0 0.4951171875 0.1594488188976378 0.029296875 0.02952755905511811
0 0.51953125 0.1279527559055118 0.0234375 0.02952755905511811
0 0.3408203125 0.36023622047244097 0.029296875 0.025590551181102362
0 0.5341796875 0.13385826771653545 0.029296875 0.027559055118110236
0 0.7763671875 0.47834645669291337 0.029296875 0.031496062992125984
0 0.7421875 0.48326771653543305 0.03125 0.02952755905511811
0 0.1435546875 0.6151574803149606 0.029296875 0.023622047244094488
0 0.458984375 0.22539370078740156 0.03125 0.023622047244094488
0 0.181640625 0.5659448818897638 0.029296875 0.023622047244094488
0 0.78515625 0.4409448818897638 0.03125 0.02952755905511811
0 0.8818359375 0.46062992125984253 0.0546875 0.06496062992125984
0 0.857421875 0.4793307086614173 0.060546875 0.06299212598425197
0 0.1767578125 0.59251968503937 0.02734375 0.017716535433070866
0 0.1572265625 0.5915354330708661 0.0234375 0.023622047244094488
0 0.1376953125 0.6358267716535433 0.029296875 0.015748031496062992
0 0.123046875 0.6387795275590551 0.01953125 0.021653543307086614
0 0.2822265625 0.45570866141732286 0.029296875 0.01968503937007874
0 0.279296875 0.4862204724409449 0.01953125 0.017716535433070866
0 0.2646484375 0.4566929133858268 0.01953125 0.027559055118110236
0 0.2578125 0.4734251968503937 0.017578125 0.021653543307086614
0 0.244140625 0.4862204724409449 0.025390625 0.021653543307086614
0 0.248046875 0.5039370078740157 0.02734375 0.023622047244094488
0 0.2275390625 0.5029527559055118 0.017578125 0.017716535433070866
0 0.2392578125 0.5196850393700787 0.02734375 0.01968503937007874
0 0.232421875 0.5275590551181102 0.021484375 0.017716535433070866