0 0.228515625 0.0821917808219178 0.02734375 0.03424657534246575
0 0.912109375 0.9845890410958904 0.046875 0.030821917808219176
0 0.30859375 0.0958904109589041 0.02734375 0.03424657534246575
0 0.263671875 0.09075342465753425 0.02734375 0.03424657534246575
0 0.93359375 0.9863013698630136 0.05078125 0.0273972602739726
0 0.3447265625 0.10787671232876712 0.02734375 0.03424657534246575
0 0.2431640625 0.1095890410958904 0.02734375 0.03424657534246575
0 0.3251953125 0.1284246575342466 0.02734375 0.030821917808219176
0 0.7158203125 0.20034246575342465 0.021484375 0.04452054794520548
0 0.447265625 0.13184931506849315 0.02734375 0.03424657534246575
0 0.4765625 0.1386986301369863 0.025390625 0.03424657534246575
0 0.6494140625 0.1678082191780822 0.02734375 0.03424657534246575
0 0.693359375 0.17636986301369864 0.025390625 0.03424657534246575
0 0.6396484375 0.2071917808219178 0.01953125 0.04794520547945205
0 0.498046875 0.1934931506849315 0.01953125 0.04794520547945205
0 0.43359375 0.17294520547945205 0.017578125 0.04452054794520548
0 0.529296875 0.17636986301369864 0.021484375 0.04794520547945205
0 0.9375 0.22945205479452055 0.03125 0.03424657534246575
0 0.685546875 0.21575342465753425 0.01953125 0.04794520547945205
0 0.4990234375 0.15753424657534246 0.01953125 0.04452054794520548
0 0.5205078125 0.1558219178082192 0.01953125 0.04794520547945205
0 0.833984375 0.2243150684931507 0.01953125 0.04794520547945205
0 0.4658203125 0.1780821917808219 0.017578125 0.04794520547945205
0 0.8583984375 0.2106164383561644 0.02734375 0.03424657534246575
0 0.4462890625 0.17636986301369864 0.017578125 0.04794520547945205
0 0.66796875 0.1934931506849315 0.017578125 0.04794520547945205
0 0.9013671875 0.2191780821917808 0.02734375 0.03767123287671233
0 0.9072265625 0.2585616438356164 0.0234375 0.04794520547945205
0 0.8779296875 0.2345890410958904 0.01953125 0.04794520547945205
0 0.9404296875 0.2551369863013699 0.029296875 0.03767123287671233
0 0.5048828125 0.2106164383561644 0.01953125 0.04794520547945205
0 0.8916015625 0.2585616438356164 0.021484375 0.04794520547945205
0 0.927734375 0.2808219178082192 0.03125 0.03424657534246575
0 0.880859375 0.8835616438356164 0.0234375 0.05136986301369863
0 0.8515625 0.9075342465753424 0.029296875 0.03767123287671233
0 0.8310546875 0.8732876712328768 0.025390625 0.04794520547945205