0 0.2587890625 0.0273972602739726 0.029296875 0.03767123287671233
0 0.337890625 0.05821917808219178 0.029296875 0.03767123287671233
0 0.2939453125 0.04280821917808219 0.029296875 0.03767123287671233
0 0.373046875 0.07876712328767123 0.029296875 0.03767123287671233
0 0.2724609375 0.05821917808219178 0.029296875 0.03767123287671233
0 0.3525390625 0.09246575342465753 0.029296875 0.03767123287671233
0 0.7353515625 0.2482876712328767 0.0234375 0.04794520547945205
0 0.47265625 0.1232876712328767 0.02734375 0.03767123287671233
0 0.501953125 0.136986301369863 0.02734375 0.03767123287671233
0 0.6708984375 0.20205479452054795 0.02734375 0.0410958904109589
0 0.71484375 0.2208904109589041 0.02734375 0.03767123287671233
0 0.6591796875 0.23972602739726026 0.021484375 0.04794520547945205
0 0.5185546875 0.1952054794520548 0.0234375 0.04794520547945205
0 0.45703125 0.16095890410958905 0.01953125 0.04794520547945205
0 0.5517578125 0.18493150684931506 0.0234375 0.05136986301369863
0 0.953125 0.3253424657534247 0.03125 0.0410958904109589
0 0.703125 0.2585616438356164 0.021484375 0.04794520547945205
0 0.5234375 0.15924657534246575 0.0234375 0.04794520547945205
0 0.5439453125 0.16267123287671234 0.0234375 0.05136986301369863
0 0.8505859375 0.2979452054794521 0.021484375 0.04794520547945205
0 0.48828125 0.17294520547945205 0.021484375 0.04794520547945205
0 0.8759765625 0.2893835616438356 0.029296875 0.0410958904109589
0 0.4697265625 0.1660958904109589 0.021484375 0.04794520547945205
0 0.6875 0.2328767123287671 0.021484375 0.04794520547945205
0 0.91796875 0.3065068493150685 0.02734375 0.0410958904109589
0 0.9208984375 0.3476027397260274 0.025390625 0.05136986301369863
0 0.8935546875 0.3167808219178082 0.0234375 0.05136986301369863
0 0.9541015625 0.351027397260274 0.03125 0.0410958904109589
0 0.525390625 0.21232876712328766 0.0234375 0.04794520547945205
0 0.9052734375 0.3441780821917808 0.0234375 0.05136986301369863
0 0.9404296875 0.375 0.03125 0.03767123287671233
0 0.8515625 0.9623287671232876 0.02734375 0.0547945205479452
0 0.8203125 0.9777397260273972 0.03125 0.04452054794520548
0 0.802734375 0.940068493150685 0.02734375 0.05136986301369863