0 0.150390625 0.9631147540983607 0.03125 0.04918032786885246
0 0.140625 0.9877049180327869 0.03125 0.02459016393442623
0 0.533203125 0.7827868852459017 0.021484375 0.05737704918032787
0 0.8095703125 0.6434426229508197 0.02734375 0.04918032786885246
0 0.7978515625 0.6762295081967213 0.029296875 0.045081967213114756
0 0.5908203125 0.7848360655737705 0.02734375 0.05327868852459016
0 0.830078125 0.6577868852459017 0.02734375 0.045081967213114756
0 0.7314453125 0.6844262295081968 0.02734375 0.04918032786885246
0 0.71875 0.7192622950819673 0.029296875 0.045081967213114756
0 0.357421875 0.8995901639344263 0.0234375 0.05737704918032787
0 0.75390625 0.7008196721311475 0.025390625 0.040983606557377046
0 0.5478515625 0.7336065573770492 0.0234375 0.05737704918032787
0 0.623046875 0.7213114754098361 0.0234375 0.05737704918032787
0 0.619140625 0.7684426229508197 0.02734375 0.05327868852459016
0 0.1728515625 0.9733606557377049 0.025390625 0.05327868852459016
0 0.6103515625 0.7274590163934426 0.0234375 0.06147540983606557
0 0.560546875 0.7418032786885246 0.021484375 0.05327868852459016
0 0.5654296875 0.7848360655737705 0.0234375 0.05737704918032787
0 0.5927734375 0.735655737704918 0.021484375 0.05737704918032787
0 0.546875 0.8012295081967213 0.0234375 0.05737704918032787
0 0.3837890625 0.8586065573770492 0.0234375 0.06147540983606557
0 0.1865234375 0.9631147540983607 0.0234375 0.05737704918032787
0 0.1796875 0.9938524590163934 0.03125 0.012295081967213115
0 0.4267578125 0.8360655737704918 0.021484375 0.05737704918032787
0 0.201171875 0.9774590163934426 0.0234375 0.045081967213114756
0 0.380859375 0.9057377049180327 0.02734375 0.045081967213114756
0 0.2431640625 0.9631147540983607 0.021484375 0.05737704918032787
0 0.4033203125 0.8709016393442623 0.01953125 0.06147540983606557
0 0.2197265625 0.985655737704918 0.029296875 0.028688524590163935
0 0.423828125 0.8831967213114754 0.02734375 0.045081967213114756
0 0.1748046875 0.3524590163934426 0.025390625 0.04918032786885246
0 0.1025390625 0.2889344262295082 0.05078125 0.1557377049180328
0 0.1943359375 0.36885245901639346 0.0234375 0.05737704918032787
0 0.1552734375 0.38934426229508196 0.0234375 0.06147540983606557
0 0.1240234375 0.2807377049180328 0.048828125 0.1598360655737705