0 0.0869140625 0.5491803278688525 0.03125 0.04918032786885246
0 0.0703125 0.5737704918032787 0.03125 0.04918032786885246
0 0.4638671875 0.7807377049180327 0.021484375 0.05737704918032787
0 0.7373046875 0.9385245901639344 0.02734375 0.04918032786885246
0 0.7197265625 0.9569672131147541 0.029296875 0.045081967213114756
0 0.513671875 0.8401639344262295 0.02734375 0.05327868852459016
0 0.7529296875 0.9733606557377049 0.02734375 0.040983606557377046
0 0.66015625 0.8975409836065574 0.02734375 0.04918032786885246
0 0.640625 0.9139344262295082 0.029296875 0.045081967213114756
0 0.283203125 0.7049180327868853 0.021484375 0.05737704918032787
0 0.67578125 0.9344262295081968 0.025390625 0.036885245901639344
0 0.48828125 0.7520491803278688 0.021484375 0.05737704918032787
0 0.556640625 0.8176229508196722 0.021484375 0.05737704918032787
0 0.5419921875 0.8565573770491803 0.02734375 0.05327868852459016
0 0.103515625 0.5819672131147541 0.0234375 0.05737704918032787
0 0.5439453125 0.8114754098360656 0.021484375 0.06147540983606557
0 0.4970703125 0.7725409836065574 0.021484375 0.05327868852459016
0 0.4912109375 0.8155737704918032 0.021484375 0.05737704918032787
0 0.06640625 0.6024590163934426 0.03125 0.04918032786885246
0 0.5263671875 0.8012295081967213 0.021484375 0.05737704918032787
0 0.4716796875 0.8114754098360656 0.0234375 0.05737704918032787
0 0.3154296875 0.6967213114754098 0.0234375 0.05737704918032787
0 0.1181640625 0.5860655737704918 0.021484375 0.05737704918032787
0 0.1015625 0.625 0.03125 0.04918032786885246
0 0.3583984375 0.7192622950819673 0.021484375 0.05737704918032787
0 0.126953125 0.6188524590163934 0.0234375 0.05737704918032787
0 0.3017578125 0.7336065573770492 0.02734375 0.045081967213114756
0 0.16796875 0.6434426229508197 0.021484375 0.05737704918032787
0 0.330078125 0.7254098360655737 0.01953125 0.06147540983606557
0 0.1416015625 0.6475409836065574 0.029296875 0.045081967213114756
0 0.3447265625 0.7581967213114754 0.02734375 0.045081967213114756
0 0.25 0.040983606557377046 0.0234375 0.04918032786885246
0 0.2626953125 0.07377049180327869 0.021484375 0.05737704918032787
0 0.2236328125 0.05327868852459016 0.0234375 0.06147540983606557