0 0.7375886524822695 0.302734375 0.03309692671394799 0.0234375
0 0.7576832151300237 0.361328125 0.03546099290780142 0.025390625
0 0.7706855791962175 0.470703125 0.037825059101654845 0.0234375
0 0.7257683215130024 0.3427734375 0.03546099290780142 0.025390625
0 0.7494089834515366 0.1689453125 0.02364066193853428 0.02734375
0 0.7695035460992907 0.3076171875 0.02364066193853428 0.029296875
0 0.7411347517730497 0.1396484375 0.02364066193853428 0.03125
0 0.8073286052009456 0.4765625 0.030732860520094562 0.029296875
0 0.735224586288416 0.2861328125 0.03309692671394799 0.0234375
0 0.8167848699763594 0.5263671875 0.030732860520094562 0.03125
0 0.7328605200945626 0.2724609375 0.030732860520094562 0.021484375
0 0.7730496453900709 0.349609375 0.03309692671394799 0.029296875
0 0.7328605200945626 0.1884765625 0.02127659574468085 0.03515625
0 0.7659574468085106 0.28125 0.02364066193853428 0.02734375
0 0.764775413711584 0.330078125 0.03309692671394799 0.0234375
0 0.793144208037825 0.498046875 0.03546099290780142 0.025390625
0 0.75177304964539 0.19921875 0.026004728132387706 0.033203125
0 0.723404255319149 0.1298828125 0.02127659574468085 0.03515625
0 0.8037825059101655 0.552734375 0.037825059101654845 0.021484375
0 0.7364066193853428 0.33203125 0.03309692671394799 0.0234375
0 0.875886524822695 0.8564453125 0.03546099290780142 0.041015625
0 0.7801418439716312 0.5205078125 0.037825059101654845 0.0234375
0 0.8699763593380615 0.7978515625 0.03309692671394799 0.037109375
0 0.19976359338061467 0.818359375 0.03546099290780142 0.037109375
0 0.2222222222222222 0.857421875 0.05200945626477541 0.02734375
0 0.8333333333333334 0.703125 0.04018912529550828 0.02734375
0 0.8569739952718676 0.7373046875 0.03309692671394799 0.03515625
0 0.23049645390070922 0.78515625 0.04964539007092199 0.025390625
0 0.8191489361702128 0.8486328125 0.030732860520094562 0.037109375
0 0.8309692671394799 0.8115234375 0.0425531914893617 0.02734375
0 0.8439716312056738 0.765625 0.04018912529550828 0.025390625
0 0.8498817966903073 0.8642578125 0.03309692671394799 0.041015625
0 0.8250591016548463 0.7880859375 0.0425531914893617 0.025390625
0 0.08628841607565012 0.8955078125 0.1111111111111111 0.0390625
0 0.08392434988179669 0.93359375 0.09929078014184398 0.029296875
0 0.7375886524822695 0.1103515625 0.02364066193853428 0.01953125