0 0.7340425531914894 0.298828125 0.03309692671394799 0.0234375
0 0.7541371158392435 0.357421875 0.03546099290780142 0.025390625
0 0.7695035460992907 0.466796875 0.037825059101654845 0.0234375
0 0.7222222222222222 0.33984375 0.03546099290780142 0.025390625
0 0.7423167848699763 0.166015625 0.02364066193853428 0.029296875
0 0.7659574468085106 0.3037109375 0.026004728132387706 0.029296875
0 0.7328605200945626 0.13671875 0.02364066193853428 0.03125
0 0.8073286052009456 0.47265625 0.030732860520094562 0.029296875
0 0.7304964539007093 0.2822265625 0.03309692671394799 0.0234375
0 0.8167848699763594 0.521484375 0.030732860520094562 0.03125
0 0.7281323877068558 0.26953125 0.03309692671394799 0.0234375
0 0.7695035460992907 0.345703125 0.03546099290780142 0.029296875
0 0.7269503546099291 0.1845703125 0.02364066193853428 0.03515625
0 0.7612293144208038 0.27734375 0.02364066193853428 0.02734375
0 0.7612293144208038 0.326171875 0.03546099290780142 0.0234375
0 0.793144208037825 0.494140625 0.037825059101654845 0.025390625
0 0.7458628841607565 0.1953125 0.026004728132387706 0.033203125
0 0.7151300236406619 0.126953125 0.02127659574468085 0.03515625
0 0.8049645390070922 0.5478515625 0.037825059101654845 0.0234375
0 0.7316784869976359 0.3291015625 0.03309692671394799 0.0234375
0 0.8841607565011821 0.8515625 0.03546099290780142 0.041015625
0 0.7801418439716312 0.515625 0.037825059101654845 0.0234375
0 0.875886524822695 0.7919921875 0.03546099290780142 0.0390625
0 0.20567375886524822 0.822265625 0.03546099290780142 0.037109375
0 0.23049645390070922 0.861328125 0.05200945626477541 0.02734375
0 0.8368794326241135 0.6982421875 0.04018912529550828 0.02734375
0 0.8617021276595744 0.7314453125 0.03546099290780142 0.03515625
0 0.2364066193853428 0.7890625 0.04964539007092199 0.02734375
0 0.8262411347517731 0.84375 0.030732860520094562 0.037109375
0 0.8368794326241135 0.806640625 0.04491725768321513 0.02734375
0 0.8498817966903073 0.7607421875 0.0425531914893617 0.02734375
0 0.8569739952718676 0.859375 0.03546099290780142 0.041015625
0 0.8309692671394799 0.783203125 0.04491725768321513 0.025390625
0 0.09456264775413711 0.9013671875 0.1111111111111111 0.041015625
0 0.0933806146572104 0.939453125 0.09929078014184398 0.03125
0 0.7293144208037825 0.1064453125 0.02364066193853428 0.01953125