0 0.2968407982261641 0.32910000000000006 0.030434294161123417 0.020525000000000015
0 0.25526208425720626 0.546875 0.0244458240946046 0.03616666666666668
0 0.241270066518847 0.650875 0.024351219512195085 0.040525000000000144
0 0.2669079083518108 0.6279333333333333 0.021844198078344472 0.040100000000000025
0 0.33231751662971176 0.11200000000000002 0.025448632668144833 0.02064166666666667
0 0.28187435328898747 0.39745833333333336 0.019639911308204003 0.032041666666666746
0 0.2985058388765706 0.348875 0.030093717664449304 0.029708333333333337
0 0.24806267553584627 0.603025 0.023386252771618633 0.03817500000000007
0 0.3131884700665189 0.32104166666666667 0.028475979305247614 0.027741666666666664
0 0.28131618625277166 0.5263666666666666 0.020576496674057622 0.03634999999999988
0 0.2871438285291944 0.36962500000000004 0.022090169992609043 0.03320000000000001
0 0.30211027346637104 0.23095833333333332 0.019507464892830742 0.03192499999999998
0 0.3140209903917221 0.40771666666666667 0.034956393200295637 0.025616666666666732
0 0.3273318551367332 0.3501 0.029639615668884036 0.031141666666666623
0 0.26232904656319295 0.5068333333333334 0.021049519586104966 0.03649999999999998
0 0.3356475979305248 0.20275833333333335 0.028371914264597155 0.026458333333333306
0 0.3217880266075388 0.18359166666666668 0.026432520325203365 0.024475000000000025
0 0.34007509238728756 0.3413083333333333 0.028371914264597155 0.03185833333333332
0 0.31929046563192903 0.2157 0.027936733185513686 0.024475000000000025
0 0.3301037694013304 0.2346166666666667 0.02918551367331855 0.026000000000000023
0 0.3162441980783444 0.3752416666666667 0.03245883222468578 0.023024999999999962
0 0.31513732446415377 0.39160000000000006 0.03327243163340717 0.021241666666666714
0 0.7156363636363637 0.07239166666666667 0.024966149297856826 0.023866666666666654
0 0.787138507021434 0.033383333333333334 0.06326208425720624 0.06573333333333334
0 0.7233939393939395 0.09875833333333335 0.02613924611973401 0.02438333333333334
0 0.33506104951958615 0.08889166666666667 0.029961271249076042 0.024999999999999994
0 0.36264774575018477 0.06041666666666667 0.02207124907612715 0.02360833333333333
0 0.3476718403547672 0.052775 0.017341019955654145 0.016666666666666663
0 0.7379157427937916 0.08541666666666667 0.022071249076127026 0.026391666666666674