0 0.33370288248337027 0.30078125 0.03325942350332594 0.025390625
0 0.24944567627494457 0.5087890625 0.031042128603104215 0.0390625
0 0.21507760532150777 0.609375 0.031042128603104215 0.04296875
0 0.24501108647450112 0.5908203125 0.028824833702882482 0.04296875
0 0.4113082039911308 0.091796875 0.028824833702882482 0.0234375
0 0.3048780487804878 0.365234375 0.026607538802660754 0.03515625
0 0.33148558758314856 0.3203125 0.03547671840354767 0.033203125
0 0.23170731707317074 0.5625 0.031042128603104215 0.041015625
0 0.3514412416851441 0.294921875 0.03325942350332594 0.03125
0 0.2793791574279379 0.4921875 0.026607538802660754 0.0390625
0 0.31596452328159647 0.3388671875 0.028824833702882482 0.03515625
0 0.3580931263858093 0.205078125 0.026607538802660754 0.03515625
0 0.3348115299334812 0.380859375 0.03991130820399113 0.03125
0 0.35920177383592017 0.326171875 0.03547671840354767 0.03515625
0 0.26496674057649666 0.470703125 0.028824833702882482 0.0390625
0 0.3968957871396896 0.1826171875 0.03325942350332594 0.03125
0 0.3869179600886918 0.1611328125 0.031042128603104215 0.02734375
0 0.3736141906873614 0.3193359375 0.03325942350332594 0.03515625
0 0.3780487804878049 0.1923828125 0.03325942350332594 0.029296875
0 0.38470066518847007 0.212890625 0.03325942350332594 0.029296875
0 0.3436807095343681 0.3486328125 0.03547671840354767 0.02734375
0 0.3392461197339246 0.365234375 0.037694013303769404 0.025390625
0 0.7971175166297118 0.1123046875 0.028824833702882482 0.02734375
0 0.8747228381374723 0.083984375 0.07538802660753881 0.07421875
0 0.7993348115299335 0.138671875 0.031042128603104215 0.02734375
0 0.4190687361419069 0.0703125 0.03547671840354767 0.029296875
0 0.45121951219512196 0.0458984375 0.026607538802660754 0.02734375
0 0.4379157427937916 0.0361328125 0.019955654101995565 0.01953125
0 0.8159645232815964 0.1279296875 0.026607538802660754 0.029296875