0 0.29379157427937913 0.33203125 0.031042128603104215 0.021484375
0 0.25609756097560976 0.55078125 0.024390243902439025 0.037109375
0 0.24390243902439024 0.6552734375 0.024390243902439025 0.041015625
0 0.26940133037694014 0.6318359375 0.022172949002217297 0.041015625
0 0.32483370288248337 0.1142578125 0.026607538802660754 0.021484375
0 0.2793791574279379 0.400390625 0.019955654101995565 0.033203125
0 0.2960088691796009 0.3515625 0.031042128603104215 0.029296875
0 0.25055432372505543 0.6064453125 0.024390243902439025 0.0390625
0 0.3093126385809313 0.32421875 0.028824833702882482 0.02734375
0 0.28159645232815966 0.529296875 0.022172949002217297 0.037109375
0 0.28492239467849223 0.373046875 0.022172949002217297 0.033203125
0 0.29711751662971175 0.234375 0.019955654101995565 0.03125
0 0.31263858093126384 0.41015625 0.03547671840354767 0.025390625
0 0.32483370288248337 0.3525390625 0.031042128603104215 0.03125
0 0.26274944567627495 0.5107421875 0.022172949002217297 0.037109375
0 0.32926829268292684 0.205078125 0.028824833702882482 0.02734375
0 0.31596452328159647 0.1865234375 0.026607538802660754 0.025390625
0 0.3370288248337029 0.34375 0.028824833702882482 0.033203125
0 0.3137472283813747 0.21875 0.028824833702882482 0.025390625
0 0.32483370288248337 0.2373046875 0.028824833702882482 0.02734375
0 0.3137472283813747 0.3779296875 0.03325942350332594 0.0234375
0 0.31263858093126384 0.39453125 0.03325942350332594 0.021484375
0 0.7073170731707317 0.0693359375 0.024390243902439025 0.0234375
0 0.7771618625277162 0.03125 0.06430155210643015 0.0625
0 0.7150776053215078 0.095703125 0.026607538802660754 0.025390625
0 0.3270509977827051 0.091796875 0.031042128603104215 0.025390625
0 0.35365853658536583 0.0625 0.022172949002217297 0.0234375
0 0.3392461197339246 0.0556640625 0.017738359201773836 0.017578125
0 0.729490022172949 0.08203125 0.022172949002217297 0.02734375