0 0.920625 0.10722222222222222 0.043749999999999956 0.11666666666666667
0 0.848125 0.20277777777777778 0.023749999999999938 0.030000000000000002
0 0.8701175 0.22352444444444444 0.019425000000000026 0.036160000000000046
0 0.8294675 0.22135333333333332 0.01777625000000005 0.038708888888888855
0 0.4887699999999999 0.7664933333333334 0.014175000000000049 0.04085333333333333
0 0.45898375 0.7664933333333334 0.013793750000000049 0.0394688888888888
0 0.4731449999999999 0.7669266666666668 0.013633749999999889 0.04047333333333331
0 0.268555 0.8181422222222222 0.023467499999999974 0.02588
0 0.5261225 0.7404511111111112 0.016982500000000122 0.03572666666666673
0 0.49560499999999996 0.8077266666666667 0.02153000000000005 0.02568888888888902
0 0.3754887499999999 0.8177088888888889 0.021942500000000198 0.028048888888888887
0 0.46875 0.8116311111111112 0.0205225 0.025784444444444315
0 0.54565375 0.7795133333333334 0.017578749999999976 0.0396311111111112
0 0.64209 0.7669266666666668 0.014503749999999815 0.03968666666666662
0 0.28515625 0.79644 0.0234224999999999 0.026584444444444424
0 0.36181624999999995 0.7934022222222222 0.022628749999999975 0.02700444444444451
0 0.703125 0.7825511111111111 0.01461749999999995 0.03805777777777782
0 0.5173337499999999 0.7582466666666667 0.01684624999999995 0.04204666666666669
0 0.5363775 0.7925355555555555 0.015426249999999975 0.03683777777777782
0 0.3442387499999999 0.8111977777777777 0.023193749999999902 0.025295555555555578
0 0.30078125 0.8207466666666667 0.021453749999999827 0.026895555555555402
0 0.5175775 0.7916666666666666 0.01737999999999995 0.03938888888888887
0 0.64746125 0.8029511111111112 0.02258249999999995 0.02568888888888902
0 0.8253174999999999 0.7955733333333334 0.022247499999999976 0.027533333333333312
0 0.68090875 0.7647577777777778 0.01724250000000005 0.041068888888889016
0 0.66796875 0.7847222222222222 0.016723750000000148 0.04060888888888887
0 0.6870112500000001 0.7968755555555557 0.021576249999999852 0.022882222222222224
0 0.88757375 0.7890622222222223 0.026763749999999975 0.022446666666666774
0 0.841065 0.7773444444444445 0.01785250000000005 0.03938888888888887
0 0.8822025 0.7434888888888889 0.027176250000000124 0.024713333333333292
0 0.85315 0.7565111111111111 0.01837124999999995 0.037977777777777694
0 0.85986375 0.7873266666666666 0.022461249999999877 0.022882222222222224
0 0.8898925 0.7686622222222222 0.027587500000000098 0.026693333333333333
0 0.80773875 0.7782111111111111 0.01837124999999995 0.03895333333333342
0 0.86596625 0.75868 0.013168749999999951 0.036431111111110956