0 0.29022625 0.6988044444444443 0.010284999999999989 0.030475555555555662
0 0.29998375 0.6969288888888889 0.010812500000000003 0.026724444444444453
0 0.29497375 0.7177933333333334 0.013977499999999976 0.015002222222222313
0 0.270975 0.7093533333333334 0.015559999999999907 0.015002222222222313
0 0.5177837500000001 0.6755488888888889 0.009533750000000119 0.025422222222222186
0 0.52364625 0.6866577777777778 0.007601250000000004 0.02473555555555566
0 0.5248700000000001 0.7053244444444444 0.01004874999999994 0.02450666666666655
0 0.5130175 0.7073844444444445 0.01004874999999994 0.02679777777777777
0 0.50644625 0.6990244444444444 0.00850250000000008 0.022904444444444394
0 0.30859375 0.7087666666666667 0.011291249999999975 0.029053333333333202
0 0.561035 0.6875 0.008643750000000061 0.026082222222222267
0 0.3203125 0.7178822222222222 0.013274999999999926 0.02143111111111098
0 0.43945375000000003 0.71658 0.011780000000000013 0.020697777777777777
0 0.42651375 0.7061622222222222 0.010208749999999989 0.024806666666666644
0 0.5532225 0.6861977777777777 0.009894999999999987 0.02731555555555549
0 0.30127 0.3365888888888889 0.01257375000000005 0.029053333333333303
0 0.41455125 0.7109377777777778 0.01073500000000005 0.02433333333333327
0 0.5424800000000001 0.6879333333333333 0.0090174999999999 0.026895555555555402
0 0.55566375 0.7152777777777778 0.011962500000000098 0.023775555555555487
0 0.3317875 0.7065977777777778 0.011070000000000024 0.02539111111111107
0 0.40332 0.7057288888888889 0.010009999999999963 0.026488888888888933
0 0.44336000000000003 0.6944444444444444 0.009056249999999988 0.025784444444444315
0 0.5385737500000001 0.71224 0.0129237499999999 0.02151111111111111
0 0.41870125 0.6914066666666667 0.009086249999999962 0.025579999999999912
0 0.27734375 0.6901044444444444 0.015190000000000037 0.018784444444444444
0 0.27002 0.3376733333333333 0.013373749999999962 0.02883555555555548
0 0.67871125 0.7105044444444445 0.013587500000000086 0.01923333333333331
0 0.28808625 0.32465333333333335 0.016586249999999914 0.017319999999999978
0 0.6684575 0.6996533333333333 0.0141150000000001 0.020142222222222332
0 0.6215825 0.7000866666666666 0.013793750000000049 0.020142222222222332
0 0.2563475 0.26888 0.01287125 0.06130666666666665
0 0.6127925000000001 0.7152777777777778 0.012672499999999864 0.021266666666666642
0 0.6328125 0.7052955555555556 0.012191250000000098 0.023153333333333335
0 0.234375 0.26584222222222226 0.016922500000000007 0.054226666666666645
0 0.65820375 0.7135422222222222 0.013481250000000111 0.02118666666666671