0 0.11156250000000001 0.2 0.024375000000000008 0.05333333333333333
0 0.16235375 0.20052 0.018295000000000006 0.04299555555555558
0 0.14172375 0.1774088888888889 0.027434999999999987 0.027113333333333323
0 0.56787125 0.7773444444444445 0.015015 0.0396311111111112
0 0.5390625 0.77908 0.014557500000000001 0.040771111111111265
0 0.6499025 0.8224822222222223 0.02198750000000005 0.02731555555555549
0 0.37793 0.7903644444444444 0.01438874999999995 0.040933333333333266
0 0.30932625 0.8116311111111112 0.014732499999999926 0.04014666666666658
0 0.75 0.8155377777777778 0.02198750000000005 0.026693333333333333
0 0.55859375 0.8250866666666666 0.022201250000000172 0.026488888888888933
0 0.6811525 0.8146711111111111 0.020172499999999927 0.025295555555555578
0 0.5546875 0.7786466666666666 0.013953749999999987 0.04039111111111124
0 0.71923875 0.8198777777777777 0.022842499999999877 0.027860000000000044
0 0.33422875 0.7916666666666666 0.01525125000000005 0.042182222222222246
0 0.73339875 0.79644 0.022888750000000124 0.027860000000000044
0 0.5307612500000001 0.8224822222222223 0.022079999999999878 0.02638000000000002
0 0.6625975 0.7973088888888888 0.021697499999999925 0.027533333333333312
0 0.34838875 0.8111977777777777 0.015304999999999902 0.040933333333333266
0 0.49902375 0.7573777777777777 0.016281250000000025 0.03634888888888889
0 0.3698725 0.8294266666666668 0.02229250000000005 0.028726666666666664
0 0.47949250000000004 0.7981777777777778 0.016662500000000025 0.03805777777777782
0 0.08691375 0.8346355555555556 0.02859500000000001 0.02619111111111098
0 0.08361875 0.8120666666666667 0.030045000000000016 0.029948888888889
0 0.50830125 0.7738711111111112 0.017181249999999926 0.04022888888888884
0 0.50878875 0.8064244444444444 0.01678500000000005 0.04147777777777763
0 0.48901375 0.8107644444444445 0.015541249999999951 0.03917111111111124
0 0.328125 0.8250866666666666 0.022323749999999976 0.02700444444444451
0 0.16577125 0.8368066666666667 0.022720000000000018 0.026488888888888933
0 0.0953375 0.7829866666666667 0.031311249999999985 0.028835555555555576
0 0.18652375000000002 0.8164066666666667 0.017380000000000007 0.043348888888888756
0 0.1171875 0.7990444444444444 0.01718124999999998 0.04196444444444442
0 0.09503125 0.0722111111111111 0.018828750000000005 0.10221333333333332
0 0.14611875000000002 0.8185755555555556 0.016662500000000025 0.043348888888888756
0 0.131225 0.7960066666666668 0.01840249999999999 0.04171999999999995
0 0.122925 0.8315977777777779 0.02499374999999998 0.026802222222222245
0 0.059661250000000006 0.06168666666666667 0.04400625000000001 0.12120222222222221