0 0.53915125 0.30008 0.012162500000000076 0.031642222222222176
0 0.4050775 0.26454444444444447 0.012741249999999926 0.02211333333333343
0 0.417365 0.27533111111111114 0.010618750000000121 0.0307422222222223
0 0.27071999999999996 0.2809977777777778 0.008897500000000003 0.03311777777777783
0 0.5203675 0.27865333333333336 0.00859125000000005 0.02559555555555547
0 0.52025125 0.3005333333333333 0.009288750000000068 0.028897777777777814
0 0.43652375 0.2886288888888889 0.009673749999999925 0.0281577777777778
0 0.2543949999999999 0.28884444444444446 0.01615875 0.01726666666666659
0 0.25634749999999995 0.6701400000000001 0.013901249999999976 0.029053333333333202
0 0.27539 0.2597666666666667 0.015426249999999975 0.02007333333333329
0 0.30224625000000005 0.25781333333333334 0.014732500000000037 0.0219311111111111
0 0.28857374999999996 0.26779555555555556 0.009742499999999987 0.0276288888888889
0 0.6198725 0.2879777777777778 0.015602499999999964 0.017944444444444468
0 0.31494124999999995 0.2704 0.010948750000000063 0.028944444444444488
0 0.3925775 0.27495555555555556 0.009597500000000148 0.026802222222222245
0 0.25146500000000005 0.2573777777777778 0.01615875 0.019164444444444366
0 0.24804625000000002 0.2695311111111111 0.01596125000000015 0.020142222222222235
0 0.40869124999999995 0.2890622222222222 0.010612499999999914 0.027737777777777813
0 0.29003875 0.6692711111111111 0.012191250000000098 0.03054444444444431
0 0.43115250000000005 0.26432222222222224 0.013122499999999926 0.02045333333333331
0 0.65625 0.27539111111111114 0.016097499999999876 0.020222222222222266
0 0.63037125 0.2784288888888889 0.016281250000000025 0.018080000000000023
0 0.6113275 0.27322 0.014899999999999913 0.020304444444444434
0 0.67578125 0.27929777777777776 0.015015 0.018297777777777843
0 0.27929625 0.28146666666666664 0.010734999999999939 0.028944444444444488
0 0.55004875 0.3001311111111111 0.009231250000000024 0.027859999999999947
0 0.5588375 0.2999133333333333 0.010528749999999976 0.0281577777777778
0 0.51391625 0.3105466666666667 0.0102087500000001 0.024237777777777778
0 0.5524899999999999 0.2701822222222222 0.013427500000000148 0.020142222222222235
0 0.66528375 0.2903644444444444 0.015251249999999938 0.017726666666666644
0 0.5363775 0.2714844444444445 0.015716250000000098 0.01999333333333326
0 0.5078125 0.2812511111111111 0.010651250000000001 0.026584444444444424
0 0.27490250000000005 0.68316 0.016982500000000122 0.018148888888888867
0 0.24560499999999996 0.7447911111111112 0.01798999999999995 0.05642444444444431
0 0.22168 0.7491311111111112 0.014450000000000074 0.05740000000000004
0 0.5019525 0.28342 0.01272625000000005 0.026802222222222245