0 0.70977375 0.6988044444444443 0.010284999999999878 0.030475555555555662
0 0.70001625 0.6969288888888889 0.010812500000000114 0.026724444444444453
0 0.70502625 0.7177933333333334 0.013977499999999976 0.015002222222222313
0 0.729025 0.7093533333333334 0.015559999999999796 0.015002222222222313
0 0.4822162499999999 0.6755488888888889 0.009533750000000119 0.025422222222222186
0 0.47635375 0.6866577777777778 0.007601250000000004 0.02473555555555566
0 0.47512999999999994 0.7053244444444444 0.01004874999999994 0.02450666666666655
0 0.4869825 0.7073844444444445 0.01004874999999994 0.02679777777777777
0 0.49355375 0.6990244444444444 0.00850250000000008 0.022904444444444394
0 0.69140625 0.7087666666666667 0.011291249999999975 0.029053333333333202
0 0.43896500000000005 0.6875 0.008643750000000061 0.026082222222222267
0 0.6796875 0.7178822222222222 0.013274999999999926 0.02143111111111098
0 0.56054625 0.71658 0.011779999999999902 0.020697777777777777
0 0.57348625 0.7061622222222222 0.010208749999999878 0.024806666666666644
0 0.44677750000000005 0.6861977777777777 0.009894999999999987 0.02731555555555549
0 0.6987300000000001 0.3365888888888889 0.01257375000000005 0.029053333333333303
0 0.5854487500000001 0.7109377777777778 0.010734999999999939 0.02433333333333327
0 0.4575199999999999 0.6879333333333333 0.0090174999999999 0.026895555555555402
0 0.44433625 0.7152777777777778 0.011962500000000098 0.023775555555555487
0 0.6682125 0.7065977777777778 0.011069999999999913 0.02539111111111107
0 0.59668 0.7057288888888889 0.010010000000000074 0.026488888888888933
0 0.55664 0.6944444444444444 0.009056249999999988 0.025784444444444315
0 0.4614262499999999 0.71224 0.0129237499999999 0.02151111111111111
0 0.58129875 0.6914066666666667 0.009086249999999962 0.025579999999999912
0 0.72265625 0.6901044444444444 0.015190000000000037 0.018784444444444444
0 0.7299800000000001 0.3376733333333333 0.013373749999999962 0.02883555555555548
0 0.32128875 0.7105044444444445 0.013587500000000086 0.01923333333333331
0 0.71191375 0.32465333333333335 0.016586249999999803 0.017319999999999978
0 0.33154249999999996 0.6996533333333333 0.0141150000000001 0.020142222222222332
0 0.37841749999999996 0.7000866666666666 0.013793750000000049 0.020142222222222332
0 0.7436525 0.26888 0.01287124999999989 0.06130666666666665
0 0.3872074999999999 0.7152777777777778 0.012672499999999864 0.021266666666666642
0 0.3671875 0.7052955555555556 0.012191250000000098 0.023153333333333335
0 0.765625 0.26584222222222226 0.01692249999999995 0.054226666666666645
0 0.34179625 0.7135422222222222 0.013481250000000111 0.02118666666666671