0 0.250045 0.7442422222222222 0.013836249999999994 0.030162222222222153
0 0.26281125 0.7562488888888889 0.018283750000000043 0.020206666666666706
0 0.27697625 0.7439488888888889 0.013012500000000093 0.030162222222222153
0 0.37220125000000004 0.7520755555555556 0.01492250000000006 0.022211111111111057
0 0.38717500000000005 0.7413133333333333 0.010706249999999917 0.030746666666666575
0 0.40208125 0.7515622222222222 0.01581375000000007 0.02079111111111113
0 0.4073525 0.7240355555555555 0.013836249999999994 0.03484666666666669
0 0.48592375 0.7404355555555555 0.013836249999999994 0.02723333333333342
0 0.49910125 0.7129088888888889 0.012188750000000081 0.02957555555555559
0 0.5000075 0.7397022222222221 0.013012500000000093 0.029284444444444446
0 0.5154087500000001 0.7467311111111111 0.01614249999999995 0.020497777777777653
0 0.204625 0.7477777777777779 0.2125 0.7422222222222222 0.214625 0.738 0.215625 0.7306666666666666 0.214 0.7288888888888888 0.212 0.7284444444444444 0.205625 0.7297777777777777 0.20125 0.7328888888888889 0.199125 0.7362222222222222 0.19825 0.7393333333333333 0.19825 0.7446666666666667 0.1995 0.7468888888888889 0.20275 0.7484444444444445 0.204625 0.7477777777777779
0 0.217 0.726 0.221875 0.7211111111111111 0.2235 0.717111111111111 0.223375 0.7133333333333334 0.222 0.7106666666666667 0.220125 0.7088888888888889 0.21725 0.7077777777777778 0.215 0.7084444444444444 0.208375 0.7133333333333334 0.206375 0.7166666666666667 0.2055 0.7208888888888889 0.205 0.7237777777777779 0.2065 0.7266666666666667 0.211375 0.7275555555555555 0.217 0.726
0 0.2265625 0.71875 0.232421875 0.71875 0.232421875 0.7291666666666666 0.236328125 0.7395833333333334 0.234375 0.7430555555555556 0.23046875 0.7430555555555556 0.2265625 0.7361111111111112 0.2265625 0.7222222222222222
0 0.23841625 0.7286311111111111 0.010411249999999983 0.028380000000000096
0 0.233905 0.7536177777777778 0.01735250000000005 0.01912666666666654
0 0.20926499999999998 0.7554688888888889 0.019433749999999972 0.01542444444444434
0 0.37757999999999997 0.7243111111111111 0.011105000000000032 0.0320822222222223
0 0.3597075 0.7394266666666667 0.010063750000000038 0.03269999999999998
0 0.4915825 0.7014844444444444 0.013534999999999964 0.029613333333333318
0 0.4780475 0.7298644444444444 0.010758749999999928 0.030848888888888877
0 0.52073375 0.7166 0.012839999999999963 0.03269999999999998
0 0.5314924999999999 0.7166 0.010758749999999928 0.03269999999999998
0 0.5425975 0.7147488888888889 0.010758749999999928 0.03269999999999998
0 0.5346150000000001 0.7496066666666666 0.017698750000000096 0.01974222222222228
0 0.60055375 0.74714 0.0204749999999998 0.0209755555555557
0 0.61079125 0.7301733333333335 0.020822499999999966 0.020359999999999958
0 0.6229375 0.7412777777777778 0.01873999999999998 0.016657777777777757
0 0.6505275 0.7452888888888889 0.02186375000000007 0.01974222222222228
0 0.6649287500000001 0.7283222222222222 0.021516249999999904 0.017891111111111177
0 0.6756875 0.7437466666666668 0.01873999999999998 0.016657777777777757
0 0.2300875 0.32544666666666666 0.01249374999999997 0.03269999999999998
0 0.24865500000000001 0.3115644444444444 0.018393749999999986 0.01850888888888886
0 0.26461874999999996 0.32884 0.010758749999999928 0.03454888888888884
0 0.1990275 0.23907111111111112 0.023251249999999946 0.06477999999999996
0 0.221065 0.24431555555555556 0.015270000000000006 0.06292888888888887