0 0.8571875 0.7977777777777777 0.026874999999999982 0.03111111111111104
0 0.8909375 0.14444444444444446 0.026874999999999982 0.028888888888888915
0 0.86135375 0.18292888888888886 0.01457625000000018 0.043804444444444486
0 0.31298875 0.18316000000000002 0.022033750000000074 0.026895555555555548
0 0.26098625 0.20258222222222222 0.023024999999999962 0.026191111111111078
0 0.2749025 0.17903555555555553 0.02258249999999995 0.02973111111111113
0 0.6557612500000001 0.16156666666666666 0.02092000000000005 0.030299999999999994
0 0.33056625 0.19846 0.023193750000000013 0.026584444444444424
0 0.674805 0.17621555555555557 0.014503750000000037 0.03993111111111114
0 0.8120112500000001 0.1481111111111111 0.021621249999999925 0.03173777777777777
0 0.8515625 0.15125777777777777 0.0233762500000001 0.027737777777777764
0 0.24523875 0.18511333333333335 0.02181999999999995 0.025986666666666675
0 0.60839875 0.1978088888888889 0.013587500000000086 0.04283333333333333
0 0.4995112500000001 0.18088 0.01433624999999994 0.0394688888888889
0 0.88183625 0.19672222222222221 0.025374999999999925 0.027940000000000027
0 0.615235 0.16069777777777777 0.02009625000000015 0.030762222222222232
0 0.43603500000000006 0.21560222222222222 0.013901249999999976 0.03984888888888892
0 0.48999000000000004 0.23133777777777778 0.014061250000000025 0.034993333333333335
0 0.88525375 0.7764755555555555 0.021286250000000173 0.041395555555555553
0 0.65087875 0.19672222222222221 0.015541250000000062 0.04391777777777782
0 0.6362300000000001 0.17871111111111113 0.014732500000000037 0.04258888888888891
0 0.8315425000000001 0.16569111111111112 0.01724250000000005 0.045355555555555545
0 0.7924800000000001 0.1677511111111111 0.01730374999999995 0.0405266666666667
0 0.48046875 0.18478666666666665 0.015076250000000013 0.03740666666666664
0 0.48120125 0.2164711111111111 0.014503749999999926 0.038139999999999986
0 0.890625 0.16981333333333332 0.0269625 0.030299999999999994
0 0.4226075 0.21690444444444448 0.01438874999999995 0.03917111111111114
0 0.84619125 0.18641555555555556 0.01785250000000005 0.04069111111111109
0 0.45117250000000003 0.21332444444444448 0.014503749999999926 0.03976888888888889
0 0.45874000000000004 0.17187555555555556 0.02091999999999994 0.027113333333333323
0 0.43212875000000006 0.17046444444444445 0.020340000000000025 0.030762222222222232
0 0.3430175 0.17556444444444444 0.021697500000000036 0.030084444444444455
0 0.50830125 0.19542 0.01400749999999995 0.04106888888888887
0 0.8344725 0.7756066666666667 0.018051250000000074 0.04204666666666669
0 0.9072262500000001 0.8984377777777777 0.014732500000000037 0.0904955555555556
0 0.94580125 0.9088533333333335 0.04113750000000005 0.09998888888888915