0 0.005875 0.006555555555555556 0.01175 0.013111111111111112
0 0.005125 0.009222222222222222 0.01025 0.018444444444444444
0 0.0038125 0.009111111111111111 0.007625 0.018222222222222223
0 0.005 0.009444444444444445 0.01 0.01888888888888889
0 0.0053750000000000004 0.006666666666666666 0.010750000000000001 0.013333333333333332
0 0.005125 0.006222222222222223 0.01025 0.012444444444444445
0 0.2819825 0.18706666666666666 0.023285 0.027113333333333323
0 0.29736375 0.1639533333333333 0.022414999999999963 0.02905333333333335
0 0.35766625 0.19064666666666666 0.021652500000000074 0.02742444444444445
0 0.33911125 0.17220000000000002 0.02191125000000005 0.02557999999999996
0 0.37085 0.16742666666666667 0.021529999999999938 0.0299488888888889
0 0.4895025 0.17469555555555555 0.02014125 0.027113333333333323
0 0.8681637500000001 0.2341577777777778 0.02641249999999995 0.023504444444444477
0 0.26464875 0.16688444444444445 0.022933749999999975 0.027628888888888852
0 0.63916 0.17654 0.020767499999999828 0.030084444444444407
0 0.87793 0.7534733333333334 0.020797499999999802 0.036431111111110956
0 0.8125 0.18446222222222222 0.02009625000000015 0.027315555555555586
0 0.4538575 0.2164711111111111 0.012672499999999975 0.04375555555555555
0 0.671875 0.21516888888888888 0.017714999999999925 0.04101555555555558
0 0.46289125000000003 0.1694888888888889 0.019713749999999974 0.02894444444444444
0 0.48315375 0.21560222222222222 0.014282499999999976 0.04226444444444444
0 0.5375975 0.20225777777777776 0.016097500000000098 0.036920000000000036
0 0.5205075 0.23698000000000002 0.017104999999999926 0.03586222222222227
0 0.46728500000000006 0.21592888888888892 0.013953749999999987 0.04334888888888888
0 0.529785 0.18869333333333332 0.01478625 0.04204666666666669
0 0.876465 0.2100688888888889 0.02595499999999995 0.02742444444444445
0 0.63378875 0.21397555555555556 0.01684624999999995 0.04163999999999995
0 0.5102537500000001 0.1896711111111111 0.015961249999999927 0.04014666666666668
0 0.69433625 0.19813333333333336 0.015365000000000073 0.03634888888888889
0 0.87255875 0.1896711111111111 0.02580249999999995 0.025391111111111118
0 0.828125 0.20084666666666667 0.017714999999999925 0.0402288888888889
0 0.65918 0.19574666666666668 0.01724250000000005 0.03865555555555557
0 0.79541 0.19986888888888887 0.01798999999999995 0.036566666666666664
0 0.5112300000000001 0.21853333333333336 0.01684624999999995 0.03567111111111116
0 0.9345700000000001 0.8650177777777779 0.043701250000000025 0.08848666666666667
0 0.9042975000000001 0.8615444444444444 0.0221562500000001 0.07812444444444457