0 0.17093749999999996 0.2411111111111111 0.013125000000000053 0.037777777777777764
0 0.1825 0.2411111111111111 0.014999999999999902 0.04666666666666666
0 0.19775374999999995 0.7625866666666666 0.018265000000000198 0.03727111111111113
0 0.6645512499999999 0.21397555555555556 0.019791249999999927 0.022799999999999956
0 0.70141625 0.20865777777777778 0.020645000000000024 0.02638000000000002
0 0.15625 0.7617177777777777 0.01861625 0.036160000000000046
0 0.72973625 0.21267333333333335 0.0202175 0.024333333333333367
0 0.64868125 0.22960000000000003 0.02009625000000015 0.02442666666666672
0 0.5087887499999999 0.22330666666666665 0.013739999999999863 0.0332844444444444
0 0.55273375 0.20833333333333334 0.01937875 0.025688888888888872
0 0.71484375 0.23025111111111116 0.02084375000000005 0.023328888888888857
0 0.34912125000000005 0.213 0.021484999999999976 0.025391111111111118
0 0.3325199999999999 0.22569555555555557 0.013587500000000086 0.03580666666666667
0 0.36669874999999996 0.2250444444444445 0.014175000000000049 0.03662
0 0.39160125 0.24132000000000003 0.013023750000000112 0.036702222222222164
0 0.5488275 0.24891555555555556 0.012008750000000123 0.03705555555555554
0 0.636475 0.20898444444444444 0.020416250000000025 0.026286666666666667
0 0.38525374999999995 0.20865777777777778 0.019348750000000026 0.027533333333333312
0 0.5283199999999999 0.21050444444444447 0.02006500000000022 0.024806666666666644
0 0.5073237500000001 0.25347333333333333 0.012970000000000148 0.034993333333333335
0 0.56127875 0.2510844444444445 0.012191249999999876 0.03775999999999997
0 0.35400374999999995 0.24262222222222218 0.01483874999999979 0.039253333333333314
0 0.14404249999999996 0.23003555555555558 0.02452125000000005 0.02720888888888891
0 0.53515625 0.24913111111111108 0.01257375000000005 0.03762444444444441
0 0.49023375 0.2217888888888889 0.0141150000000001 0.03586222222222224
0 0.15283249999999993 0.25434 0.02381875 0.02143111111111108
0 0.14794874999999996 0.2115888888888889 0.024383749999999926 0.025986666666666675
0 0.49902375 0.26779555555555556 0.013122499999999926 0.03209111111111104
0 0.17724625000000005 0.21245555555555554 0.0224612500000001 0.024333333333333318
0 0.48290999999999995 0.2361111111111111 0.01461749999999995 0.039253333333333314
0 0.21289000000000002 0.2079 0.02009625000000015 0.026286666666666667
0 0.13720749999999993 0.8684888888888889 0.011374999999999913 0.07568444444444428
0 0.19580124999999993 0.2228733333333333 0.01596125000000015 0.03691999999999999
0 0.2294925 0.22547777777777778 0.016342499999999927 0.0371911111111111
0 0.18115250000000005 0.7803822222222222 0.02595499999999995 0.023695555555555557
0 0.10595749999999993 0.8767355555555558 0.036896250000000075 0.08734888888888885