0 0.876465 0.22525999999999996 0.0276337499999999 0.024426666666666645
0 0.657715 0.17838444444444446 0.022933749999999975 0.028048888888888887
0 0.8876950000000001 0.19846 0.02526874999999995 0.028617777777777756
0 0.25 0.19986888888888887 0.02351375 0.02648888888888888
0 0.88330125 0.1752377777777778 0.02681 0.027940000000000027
0 0.8432612500000001 0.21158888888888885 0.01791374999999995 0.039551111111111065
0 0.30590875 0.18283333333333332 0.02258249999999995 0.026895555555555548
0 0.233765 0.18001333333333333 0.023147499999999988 0.02793999999999998
0 0.48169 0.22634444444444446 0.015426249999999975 0.0385733333333333
0 0.4807125 0.19270888888888893 0.013953749999999987 0.03762444444444441
0 0.67724625 0.19336 0.014450000000000074 0.03930666666666665
0 0.6386725 0.19270888888888893 0.015426249999999975 0.04123333333333331
0 0.3244625 0.20052 0.023559999999999914 0.026082222222222267
0 0.45068375 0.2204866666666667 0.01461749999999995 0.04022888888888892
0 0.84961 0.17838444444444446 0.0241849999999999 0.02638000000000002
0 0.50976625 0.20399333333333333 0.015304999999999902 0.03784222222222221
0 0.61035125 0.21278222222222223 0.014228750000000012 0.04131333333333334
0 0.45849625 0.17838444444444446 0.02174374999999995 0.026584444444444473
0 0.434815 0.22200444444444445 0.013221250000000073 0.04093333333333334
0 0.81152375 0.17252666666666666 0.021773750000000147 0.029268888888888886
0 0.6528325 0.213 0.0157775 0.040933333333333315
0 0.82910125 0.19162222222222222 0.017181250000000148 0.04307777777777774
0 0.33789125000000003 0.17556444444444444 0.023285 0.029622222222222216
0 0.8681637500000001 0.7886288888888889 0.021087500000000148 0.03908888888888878
0 0.4211425 0.22244 0.014007500000000062 0.039631111111111096
0 0.88916 0.9079866666666666 0.01257375000000005 0.08539555555555554
0 0.49047875 0.24392444444444447 0.016525000000000012 0.03865555555555557
0 0.4311525 0.17469555555555555 0.02136249999999995 0.02905333333333335
0 0.7919925 0.1912977777777778 0.01692249999999995 0.04093333333333336
0 0.26464875 0.17621555555555557 0.023604999999999987 0.02948666666666666
0 0.61767625 0.17469555555555555 0.021286250000000173 0.030299999999999994
0 0.50048875 0.1896711111111111 0.01478625 0.04093333333333336
0 0.9238287500000001 0.9149311111111111 0.04217499999999985 0.10373333333333326
0 0.8217775 0.7894955555555555 0.017638750000000147 0.03993111111111109
0 0.844375 0.8105555555555556 0.022499999999999964 0.025555555555555602
0 0.8575 0.21111111111111114 0.014999999999999902 0.04222222222222224