0 0.079375 0.10722222222222222 0.04375000000000001 0.11666666666666667
0 0.151875 0.20277777777777778 0.023749999999999993 0.030000000000000002
0 0.12988249999999998 0.22352444444444444 0.019425000000000026 0.03616000000000002
0 0.1705325 0.22135333333333332 0.017776249999999993 0.038708888888888855
0 0.5112300000000001 0.7664933333333334 0.014175000000000049 0.04085333333333333
0 0.54101625 0.7664933333333334 0.013793750000000049 0.0394688888888888
0 0.5268550000000001 0.7669266666666668 0.013633749999999889 0.04047333333333331
0 0.731445 0.8181422222222222 0.023467499999999974 0.02588
0 0.4738775 0.7404511111111112 0.01698250000000001 0.03572666666666673
0 0.504395 0.8077266666666667 0.021529999999999994 0.02568888888888902
0 0.6245112500000001 0.8177088888888889 0.021942500000000198 0.028048888888888887
0 0.53125 0.8116311111111112 0.0205225 0.025784444444444315
0 0.45434625 0.7795133333333334 0.017578749999999976 0.0396311111111112
0 0.35791 0.7669266666666668 0.014503749999999926 0.03968666666666662
0 0.71484375 0.79644 0.0234224999999999 0.026584444444444424
0 0.63818375 0.7934022222222222 0.022628749999999975 0.02700444444444451
0 0.296875 0.7825511111111111 0.01461749999999995 0.03805777777777782
0 0.48266625 0.7582466666666667 0.016846250000000063 0.04204666666666669
0 0.4636225 0.7925355555555555 0.015426249999999975 0.03683777777777782
0 0.6557612500000001 0.8111977777777777 0.023193749999999902 0.025295555555555578
0 0.69921875 0.8207466666666667 0.021453749999999827 0.026895555555555402
0 0.48242250000000003 0.7916666666666666 0.01737999999999995 0.03938888888888887
0 0.35253875 0.8029511111111112 0.02258249999999995 0.02568888888888902
0 0.17468250000000002 0.7955733333333334 0.022247499999999976 0.027533333333333312
0 0.31909125 0.7647577777777778 0.01724249999999994 0.041068888888889016
0 0.33203125 0.7847222222222222 0.016723750000000037 0.04060888888888887
0 0.31298875 0.7968755555555557 0.021576249999999964 0.022882222222222224
0 0.11242624999999999 0.7890622222222223 0.026763750000000003 0.022446666666666774
0 0.158935 0.7773444444444445 0.01785250000000005 0.03938888888888887
0 0.1177975 0.7434888888888889 0.027176250000000013 0.024713333333333292
0 0.14685 0.7565111111111111 0.01837124999999995 0.037977777777777694
0 0.14013625 0.7873266666666666 0.022461249999999988 0.022882222222222224
0 0.11010750000000001 0.7686622222222222 0.027587500000000015 0.026693333333333333
0 0.19226125 0.7782111111111111 0.01837124999999995 0.03895333333333342
0 0.13403375 0.75868 0.013168750000000007 0.036431111111110956