0 0.3274475 0.80076 0.025696249999999976 0.02957555555555559
0 0.87207 0.21223999999999998 0.01998875 0.039088888888888874
0 0.92370625 0.08094666666666667 0.04345749999999993 0.11122
0 0.8247075 0.21332444444444448 0.01798999999999995 0.04115111111111109
0 0.84558125 0.1919488888888889 0.024993749999999926 0.026693333333333284
0 0.46240250000000005 0.8242177777777777 0.02229250000000005 0.02433333333333327
0 0.34130875000000005 0.8263888888888888 0.022888750000000124 0.02731555555555549
0 0.268555 0.82552 0.023560000000000025 0.02700444444444451
0 0.237305 0.8216155555555555 0.023697499999999927 0.025579999999999912
0 0.43505875000000005 0.8276911111111112 0.02298 0.028726666666666664
0 0.43847625 0.7803822222222222 0.014900000000000135 0.04204666666666669
0 0.3090824999999999 0.8203133333333333 0.021407500000000024 0.026802222222222245
0 0.424805 0.7803822222222222 0.015602499999999964 0.040933333333333266
0 0.4550775 0.7808155555555556 0.015076250000000124 0.04226444444444431
0 0.622315 0.82856 0.022079999999999878 0.0274244444444444
0 0.25341749999999996 0.8020844444444445 0.022796250000000073 0.027208888888888713
0 0.48388624999999996 0.80816 0.01615875 0.04031111111111111
0 0.4863275 0.7760422222222222 0.015541250000000062 0.03993111111111109
0 0.5048824999999999 0.8098955555555557 0.015487499999999876 0.04196444444444442
0 0.66381875 0.8242177777777777 0.02250624999999995 0.026584444444444424
0 0.6823725 0.8098955555555557 0.014838750000000012 0.036484444444444444
0 0.51367125 0.79948 0.015426249999999975 0.037922222222222066
0 0.4951175000000001 0.7582466666666667 0.017104999999999926 0.03917111111111124
0 0.8922125 0.8289933333333334 0.028381250000000025 0.026286666666666667
0 0.8188475 0.832031111111111 0.0230712500000001 0.027737777777777712
0 0.61547875 0.7907977777777778 0.013687499999999853 0.0396311111111112
0 0.85815375 0.8259555555555556 0.02442875 0.026082222222222267
0 0.89569125 0.8064244444444444 0.027740000000000098 0.027533333333333312
0 0.64379875 0.8098955555555557 0.015602499999999964 0.03993111111111109
0 0.79931625 0.8133688888888888 0.01785250000000005 0.04115111111111109
0 0.6582025 0.7903644444444444 0.0157775 0.04115111111111109
0 0.86499 0.7947044444444445 0.015426249999999975 0.04196444444444442
0 0.88501 0.7795133333333334 0.029754999999999976 0.02638000000000002
0 0.83764625 0.8142355555555556 0.01737999999999995 0.04375555555555542
0 0.851685 0.7921 0.018722499999999975 0.041068888888889016
0 0.88952625 0.0901688888888889 0.013427499999999926 0.09868666666666664