0 0.8015625000000001 0.7527777777777778 0.02187500000000009 0.032222222222222124
0 0.7828125 0.741111111111111 0.01937499999999992 0.05555555555555555
0 0.62255875 0.18348444444444445 0.019425000000000026 0.02648888888888888
0 0.8261725 0.17838444444444446 0.02229250000000005 0.026802222222222196
0 0.83007875 0.19813333333333336 0.022842499999999877 0.026584444444444424
0 0.30444375 0.18771777777777776 0.02014125 0.02529555555555553
0 0.25317375 0.20366666666666666 0.021239999999999953 0.025486666666666657
0 0.6049800000000001 0.19639777777777778 0.013633749999999889 0.0393066666666667
0 0.825195 0.7365444444444444 0.018874999999999975 0.03662
0 0.63916 0.1970488888888889 0.013587500000000086 0.034722222222222224
0 0.7949225 0.18120666666666665 0.02084375000000005 0.024902222222222232
0 0.32055625 0.20160666666666668 0.021621250000000036 0.02499777777777777
0 0.58056625 0.21321555555555557 0.012726249999999828 0.037842222222222235
0 0.58691375 0.17903555555555553 0.018936249999999877 0.02848222222222225
0 0.23828125 0.18641555555555556 0.020568750000000025 0.023871111111111128
0 0.26709 0.18185777777777778 0.02182000000000006 0.02848222222222225
0 0.44213875 0.1838111111111111 0.019088749999999988 0.02588
0 0.82080125 0.22135333333333337 0.023193749999999902 0.023504444444444477
0 0.480225 0.19270888888888893 0.012428749999999988 0.035726666666666684
0 0.6186525 0.21213111111111113 0.015541250000000062 0.036484444444444444
0 0.76025375 0.17654 0.02029375 0.026802222222222196
0 0.77734375 0.19238222222222223 0.015190000000000037 0.03865555555555557
0 0.8447262500000001 0.8428822222222222 0.010902499999999815 0.0764977777777778
0 0.46289125000000003 0.19607111111111114 0.012527500000000025 0.03420666666666669
0 0.46386750000000004 0.22482666666666665 0.013427500000000037 0.036484444444444444
0 0.33349625 0.18001333333333333 0.02207999999999999 0.03054444444444446
0 0.488525 0.20833333333333334 0.014114999999999989 0.03835777777777781
0 0.43579125 0.22211333333333333 0.012626250000000061 0.0402288888888889
0 0.74316375 0.19433555555555557 0.016281250000000025 0.0402288888888889
0 0.4709475 0.24045111111111112 0.01438874999999995 0.030897777777777788
0 0.417725 0.1803377777777778 0.019118749999999962 0.03054444444444446
0 0.408935 0.2237422222222222 0.011962499999999987 0.0369733333333333
0 0.79003875 0.2108288888888889 0.015900000000000025 0.03775999999999999
0 0.421875 0.22265555555555558 0.011596250000000086 0.03993111111111111
0 0.8017575 0.20898444444444444 0.013847500000000013 0.036566666666666664
0 0.87793 0.85026 0.03561375 0.08338666666666662