0 0.65365 0.8079088888888889 0.023946250000000058 0.02776222222222222
0 0.14184625 0.22721333333333338 0.018097500000000044 0.03797777777777779
0 0.1882325 0.22873333333333332 0.015541250000000006 0.04093333333333334
0 0.092835 0.10259333333333334 0.037750000000000006 0.10644444444444445
0 0.16882375 0.20757333333333333 0.02508499999999997 0.026191111111111078
0 0.575195 0.76606 0.015365000000000073 0.037135555555555574
0 0.7534175000000001 0.8007822222222223 0.02258249999999995 0.024997777777777824
0 0.7377925000000001 0.7816844444444445 0.021407500000000024 0.024713333333333292
0 0.50830125 0.7460933333333334 0.016586250000000025 0.03599777777777765
0 0.5620112500000001 0.7664933333333334 0.013953749999999987 0.03993111111111109
0 0.5463862500000001 0.7656244444444444 0.013687500000000075 0.041395555555555553
0 0.39209 0.7786466666666666 0.014007500000000062 0.041884444444444294
0 0.32714875 0.7999133333333334 0.014557500000000001 0.03849333333333346
0 0.68505875 0.8007822222222223 0.021286250000000173 0.024902222222222332
0 0.7236325 0.8055555555555556 0.02250624999999995 0.025986666666666578
0 0.5390625 0.8077266666666667 0.021652499999999852 0.023599999999999868
0 0.6669925 0.7838533333333334 0.020645000000000024 0.02452222222222231
0 0.21276875 0.8051222222222223 0.01718124999999998 0.041015555555555534
0 0.119995 0.8233511111111111 0.02513125000000002 0.024902222222222332
0 0.1752925 0.8068577777777778 0.016342500000000038 0.04242666666666671
0 0.5659175000000001 0.8111977777777777 0.0205225 0.024713333333333292
0 0.48974625 0.7847222222222222 0.015076250000000013 0.03784222222222214
0 0.12793000000000002 0.7751733333333335 0.026458750000000017 0.025784444444444315
0 0.11694375 0.8020844444444445 0.024932499999999996 0.02793999999999998
0 0.35034125 0.7786466666666666 0.015487499999999987 0.041015555555555534
0 0.3444825 0.8138022222222223 0.021240000000000037 0.02519999999999989
0 0.38501 0.8177088888888889 0.021942499999999976 0.025784444444444315
0 0.51709 0.7647577777777778 0.01615875 0.04039111111111124
0 0.1613775 0.7864577777777778 0.017380000000000007 0.03976888888888889
0 0.51709 0.7955733333333334 0.016662500000000025 0.03843777777777784
0 0.193725 0.8250866666666666 0.02177374999999998 0.02519999999999989
0 0.36474625 0.79948 0.01461749999999995 0.04047333333333331
0 0.14868125000000001 0.7890622222222223 0.015189999999999981 0.03843777777777784
0 0.12597624999999998 0.11143555555555554 0.015189999999999995 0.09477999999999999
0 0.49853500000000006 0.7968755555555557 0.015671250000000025 0.03835777777777771
0 0.1549075 0.8198777777777777 0.023193750000000013 0.025295555555555578