0 0.235575 0.2984777777777778 0.017098749999999996 0.02110888888888882
0 0.251485 0.3145222222222222 0.012823750000000023 0.03968444444444438
0 0.3999025 0.7625866666666666 0.01698250000000001 0.0203866666666666
0 0.3842775 0.7486977777777777 0.011504999999999987 0.03019111111111113
0 0.5014649999999999 0.7465288888888889 0.011779999999999957 0.030653333333333223
0 0.269775 0.7526044444444444 0.01272625000000005 0.0322266666666668
0 0.51660125 0.7573777777777777 0.01730374999999995 0.017875555555555422
0 0.25561500000000004 0.7664933333333334 0.01777625000000002 0.019084444444444532
0 0.24145500000000003 0.7547733333333333 0.0121 0.03019111111111113
0 0.47998 0.7395844444444445 0.01332875 0.03054444444444431
0 0.4055175 0.7330733333333334 0.011200000000000099 0.030653333333333223
0 0.3701175 0.7591155555555555 0.016922500000000062 0.01653333333333329
0 0.50097625 0.7217888888888889 0.014115000000000044 0.03173777777777767
0 0.2309575 0.7382822222222223 0.012771250000000012 0.03019111111111113
0 0.5375975 0.7604177777777779 0.015900000000000025 0.018433333333333204
0 0.48681625000000006 0.7486977777777777 0.012237499999999901 0.029377777777777798
0 0.373535 0.7352422222222222 0.011504999999999987 0.03125111111111107
0 0.35620125 0.7486977777777777 0.011330000000000062 0.03089777777777769
0 0.20044 0.7647577777777778 0.01976 0.019300000000000022
0 0.22180125 0.7400177777777778 0.011733749999999987 0.029948888888889
0 0.22607375 0.76302 0.018264999999999976 0.019464444444444555
0 0.6284175000000001 0.7526044444444444 0.0190125000000001 0.019300000000000022
0 0.49389625000000004 0.7096355555555556 0.012771249999999956 0.029268888888888886
0 0.68164125 0.7530377777777778 0.01837124999999995 0.019300000000000022
0 0.5346675000000001 0.7261288888888889 0.010452500000000198 0.03019111111111113
0 0.606445 0.7582466666666667 0.017181250000000148 0.020304444444444333
0 0.54443375 0.72526 0.011596249999999975 0.03019111111111113
0 0.19873 0.7491311111111112 0.02041624999999997 0.022095555555555535
0 0.21630875 0.31488666666666665 0.014671249999999969 0.03285111111111109
0 0.6596675000000001 0.7569444444444444 0.01684624999999995 0.020697777777777777
0 0.20544375 0.7282977777777778 0.01976 0.019613333333333333
0 0.5229487500000001 0.7261288888888889 0.011291249999999975 0.033148888888888846
0 0.6713862500000001 0.739148888888889 0.014671250000000136 0.02007333333333329
0 0.1811525 0.22309111111111113 0.024093750000000025 0.07286222222222222
0 0.6171875 0.7404511111111112 0.015487499999999876 0.01858222222222218
0 0.2053225 0.22829777777777777 0.015426249999999975 0.06662222222222221