0 0.34635000000000005 0.8079088888888889 0.023946250000000058 0.02776222222222222
0 0.85815375 0.22721333333333338 0.0180975000000001 0.03797777777777779
0 0.8117675 0.22873333333333332 0.015541250000000062 0.04093333333333336
0 0.907165 0.10259333333333334 0.03774999999999995 0.10644444444444447
0 0.83117625 0.20757333333333333 0.025085000000000024 0.026191111111111078
0 0.424805 0.76606 0.015365000000000073 0.037135555555555574
0 0.24658249999999993 0.8007822222222223 0.02258249999999995 0.024997777777777824
0 0.2622074999999999 0.7816844444444445 0.021407500000000024 0.024713333333333292
0 0.49169874999999996 0.7460933333333334 0.016586250000000025 0.03599777777777765
0 0.4379887499999999 0.7664933333333334 0.013953749999999987 0.03993111111111109
0 0.4536137499999999 0.7656244444444444 0.013687500000000075 0.041395555555555553
0 0.60791 0.7786466666666666 0.01400749999999995 0.041884444444444294
0 0.67285125 0.7999133333333334 0.014557500000000001 0.03849333333333346
0 0.31494124999999995 0.8007822222222223 0.021286250000000173 0.024902222222222332
0 0.2763675 0.8055555555555556 0.02250624999999995 0.025986666666666578
0 0.4609375 0.8077266666666667 0.021652499999999852 0.023599999999999868
0 0.3330075 0.7838533333333334 0.020645000000000024 0.02452222222222231
0 0.78723125 0.8051222222222223 0.017181249999999926 0.041015555555555534
0 0.880005 0.8233511111111111 0.02513125000000005 0.024902222222222332
0 0.8247075 0.8068577777777778 0.01634250000000015 0.04242666666666671
0 0.4340824999999999 0.8111977777777777 0.0205225 0.024713333333333292
0 0.51025375 0.7847222222222222 0.015076249999999902 0.03784222222222214
0 0.87207 0.7751733333333335 0.026458749999999975 0.025784444444444315
0 0.88305625 0.8020844444444445 0.024932500000000024 0.02793999999999998
0 0.64965875 0.7786466666666666 0.015487499999999876 0.041015555555555534
0 0.6555175 0.8138022222222223 0.021240000000000148 0.02519999999999989
0 0.6149899999999999 0.8177088888888889 0.021942499999999976 0.025784444444444315
0 0.48290999999999995 0.7647577777777778 0.01615875 0.04039111111111124
0 0.8386225 0.7864577777777778 0.01737999999999995 0.03976888888888889
0 0.48290999999999995 0.7955733333333334 0.016662500000000025 0.03843777777777784
0 0.806275 0.8250866666666666 0.021773749999999925 0.02519999999999989
0 0.63525375 0.79948 0.01461749999999995 0.04047333333333331
0 0.85131875 0.7890622222222223 0.015190000000000037 0.03843777777777784
0 0.87402375 0.11143555555555554 0.015190000000000037 0.09477999999999999
0 0.5014649999999999 0.7968755555555557 0.015671250000000025 0.03835777777777771
0 0.8450925 0.8198777777777777 0.023193749999999902 0.025295555555555578