0 0.7746875 0.165 0.028124999999999956 0.030000000000000002
0 0.7418750000000001 0.16055555555555556 0.026250000000000107 0.030000000000000002
0 0.7575000000000001 0.18222222222222223 0.03125 0.03999999999999999
0 0.70375 0.16611111111111113 0.026249999999999885 0.03222222222222223
0 0.68625 0.1827777777777778 0.03125 0.03444444444444445
0 0.6715625000000001 0.15611111111111112 0.028124999999999956 0.030000000000000002
0 0.58125 0.15722222222222224 0.02499999999999991 0.041111111111111126
0 0.5534375 0.16166666666666668 0.030625000000000124 0.038888888888888896
0 0.5606249999999999 0.20111111111111113 0.015000000000000124 0.05333333333333328
0 0.5753125 0.205 0.015625 0.052222222222222246
0 0.59 0.20722222222222222 0.01749999999999985 0.058888888888888866
0 0.531875 0.17055555555555557 0.016250000000000098 0.038888888888888896
0 0.5290625 0.20444444444444448 0.02187500000000009 0.037777777777777764
0 0.521875 0.21833333333333332 0.014999999999999902 0.036666666666666674
0 0.5109375 0.16777777777777778 0.018124999999999947 0.04666666666666666
0 0.5003124999999999 0.1811111111111111 0.018124999999999947 0.04666666666666666
0 0.39437500000000003 0.15333333333333335 0.02124999999999999 0.03111111111111109
0 0.4028125 0.195 0.018124999999999947 0.05000000000000002
0 0.37468749999999995 0.17 0.015625 0.05333333333333333
0 0.36031250000000004 0.18666666666666665 0.018124999999999947 0.05111111111111111
0 0.35343749999999996 0.15333333333333335 0.02187500000000009 0.028888888888888915
0 0.3359375 0.17388888888888887 0.015625 0.04555555555555557
0 0.22281249999999997 0.17 0.018124999999999947 0.04666666666666666
0 0.20468750000000002 0.1488888888888889 0.024375000000000036 0.03333333333333331
0 0.1853125 0.16722222222222224 0.014375000000000027 0.05000000000000002
0 0.16500000000000004 0.15333333333333335 0.022499999999999964 0.028888888888888915
0 0.17062500000000003 0.19 0.016250000000000098 0.04222222222222221
0 0.15656249999999994 0.18666666666666665 0.015625 0.048888888888888885
0 0.13 0.14666666666666667 0.022499999999999964 0.028888888888888915
0 0.125625 0.17333333333333334 0.023749999999999938 0.024444444444444467
0 0.13437500000000002 0.20055555555555554 0.02499999999999991 0.025555555555555554
0 0.18218749999999995 0.7677777777777778 0.01937499999999992 0.05333333333333338
0 0.16125 0.785 0.02124999999999999 0.032222222222222124
0 0.13406249999999997 0.7644444444444445 0.024375000000000036 0.04222222222222231
0 0.11624999999999996 0.8877777777777778 0.02124999999999999 0.10444444444444459
0 0.078125 0.8861111111111111 0.0475000000000001 0.11666666666666675