0 0.6725525 0.80076 0.025696249999999976 0.02957555555555559
0 0.12793000000000002 0.21223999999999998 0.01998875 0.039088888888888874
0 0.07629375000000001 0.08094666666666667 0.04345750000000001 0.11122
0 0.1752925 0.21332444444444448 0.017990000000000006 0.04115111111111111
0 0.15441875 0.1919488888888889 0.02499374999999998 0.026693333333333284
0 0.5375975 0.8242177777777777 0.02229250000000005 0.02433333333333327
0 0.65869125 0.8263888888888888 0.022888750000000124 0.02731555555555549
0 0.731445 0.82552 0.023560000000000025 0.02700444444444451
0 0.762695 0.8216155555555555 0.023697499999999927 0.025579999999999912
0 0.56494125 0.8276911111111112 0.02298 0.028726666666666664
0 0.56152375 0.7803822222222222 0.014900000000000135 0.04204666666666669
0 0.6909175000000001 0.8203133333333333 0.021407500000000024 0.026802222222222245
0 0.575195 0.7803822222222222 0.015602499999999964 0.040933333333333266
0 0.5449225 0.7808155555555556 0.015076250000000124 0.04226444444444431
0 0.377685 0.82856 0.02207999999999999 0.0274244444444444
0 0.7465825 0.8020844444444445 0.022796250000000073 0.027208888888888713
0 0.51611375 0.80816 0.01615875 0.04031111111111111
0 0.5136725 0.7760422222222222 0.015541250000000062 0.03993111111111109
0 0.49511750000000004 0.8098955555555557 0.015487499999999987 0.04196444444444442
0 0.33618125 0.8242177777777777 0.02250625000000006 0.026584444444444424
0 0.3176275 0.8098955555555557 0.014838750000000012 0.036484444444444444
0 0.48632875000000003 0.79948 0.015426249999999975 0.037922222222222066
0 0.5048824999999999 0.7582466666666667 0.017104999999999926 0.03917111111111124
0 0.1077875 0.8289933333333334 0.028381249999999997 0.026286666666666667
0 0.1811525 0.832031111111111 0.023071250000000043 0.027737777777777712
0 0.38452125000000004 0.7907977777777778 0.013687499999999964 0.0396311111111112
0 0.14184625 0.8259555555555556 0.02442875 0.026082222222222267
0 0.10430875 0.8064244444444444 0.027740000000000015 0.027533333333333312
0 0.35620125 0.8098955555555557 0.015602499999999964 0.03993111111111109
0 0.20068375 0.8133688888888888 0.01785250000000005 0.04115111111111109
0 0.34179750000000003 0.7903644444444444 0.0157775 0.04115111111111109
0 0.13501 0.7947044444444445 0.015426249999999975 0.04196444444444442
0 0.11499000000000001 0.7795133333333334 0.029755000000000018 0.02638000000000002
0 0.16235375 0.8142355555555556 0.017380000000000007 0.04375555555555542
0 0.148315 0.7921 0.01872250000000003 0.041068888888889016
0 0.11047375 0.0901688888888889 0.013427500000000009 0.09868666666666664