0 0.23375 0.24388888888888888 0.017500000000000016 0.041111111111111126
0 0.7303125 0.7566666666666667 0.020624999999999893 0.028888888888888867
0 0.6674800000000001 0.7534733333333334 0.018936249999999877 0.022446666666666774
0 0.3542475 0.74566 0.012825000000000086 0.0332844444444444
0 0.5385737500000001 0.7573777777777777 0.01968375 0.022704444444444465
0 0.5703125 0.72092 0.013373749999999962 0.033746666666666494
0 0.65234375 0.7387155555555556 0.018982500000000124 0.023411111111111223
0 0.51953125 0.7473955555555557 0.014450000000000074 0.03304000000000013
0 0.56152375 0.7608511111111111 0.018585000000000074 0.022271111111111155
0 0.640625 0.7599822222222223 0.019561249999999974 0.023695555555555557
0 0.23938 0.7647577777777778 0.018828750000000005 0.022975555555555575
0 0.386475 0.7460933333333334 0.0121 0.03336666666666667
0 0.50293 0.7478288888888889 0.013793750000000049 0.03453333333333318
0 0.223755 0.7491311111111112 0.01348125 0.036160000000000046
0 0.40429750000000003 0.7621533333333333 0.0193025 0.023966666666666667
0 0.70214875 0.75868 0.01998875 0.02415555555555551
0 0.4104 0.7291666666666666 0.011291249999999975 0.03531999999999987
0 0.36962875 0.7573777777777777 0.020020000000000038 0.020535555555555578
0 0.25561500000000004 0.7491311111111112 0.014838750000000012 0.03491111111111126
0 0.17627 0.76302 0.020843749999999994 0.02045333333333331
0 0.37402375 0.7282977777777778 0.013168750000000062 0.03697333333333338
0 0.5449225 0.7226555555555555 0.012527500000000025 0.033231111111111114
0 0.20605500000000002 0.7595488888888888 0.020492500000000025 0.021593333333333378
0 0.4951175 0.73698 0.013793749999999994 0.03407111111111109
0 0.51953125 0.71658 0.014503750000000037 0.03586222222222229
0 0.55859375 0.7213533333333334 0.012008749999999901 0.03559111111111118
0 0.2117925 0.7309022222222222 0.01478625 0.03477555555555551
0 0.20056125 0.7343755555555556 0.013122499999999981 0.03304000000000013
0 0.17492625 0.7439244444444444 0.023910000000000042 0.025579999999999912
0 0.71582 0.7387155555555556 0.016586250000000025 0.022528888888888845
0 0.51171875 0.7026911111111112 0.013793750000000049 0.03247111111111107
0 0.15173375 0.13726222222222223 0.030335 0.0866977777777778
0 0.19397 0.24609333333333336 0.015716249999999987 0.035535555555555556
0 0.18359375 0.7213533333333334 0.024093750000000025 0.021104444444444443
0 0.2165525 0.22764666666666666 0.021485000000000032 0.022188888888888886
0 0.18005375 0.1451822222222222 0.015128750000000024 0.0747066666666667