0 0.99575 0.009944444444444443 0.008499999999999952 0.019888888888888887
0 0.99453125 0.007388888888888889 0.010937500000000044 0.014777777777777779
0 0.9956875 0.010944444444444444 0.008625000000000105 0.02188888888888889
0 0.73193375 0.20616222222222225 0.021942499999999976 0.026584444444444473
0 0.66284125 0.2079 0.021041250000000122 0.026802222222222196
0 0.64599625 0.2237422222222222 0.022537499999999877 0.027533333333333312
0 0.71630875 0.22395777777777776 0.02279624999999985 0.0274244444444444
0 0.70166 0.20193111111111114 0.022506250000000172 0.03054444444444446
0 0.36523375 0.19846 0.019713749999999974 0.03100666666666665
0 0.30810499999999996 0.2166888888888889 0.013740000000000085 0.03819555555555551
0 0.5432125 0.20052 0.0190125000000001 0.03054444444444446
0 0.4770512499999999 0.21430222222222223 0.014061249999999914 0.04077111111111112
0 0.55273375 0.24544222222222223 0.012825000000000086 0.040608888888888965
0 0.63256875 0.2011711111111111 0.022628749999999975 0.030897777777777788
0 0.49609375 0.2164711111111111 0.012146250000000025 0.03792222222222216
0 0.5175775 0.2033422222222222 0.020340000000000025 0.027315555555555586
0 0.4692387499999999 0.22960000000000003 0.014671250000000136 0.04204666666666669
0 0.10107374999999996 0.7968755555555557 0.021453749999999827 0.04014666666666658
0 0.3715824999999999 0.23502666666666666 0.014557500000000001 0.041395555555555553
0 0.5395512499999999 0.24435777777777778 0.013122499999999926 0.0405266666666666
0 0.52465875 0.24305555555555555 0.01348124999999989 0.042182222222222246
0 0.4951175 0.24761333333333335 0.013328750000000111 0.039088888888888874
0 0.331055 0.23372444444444446 0.016662499999999802 0.039686666666666724
0 0.48779249999999996 0.26128444444444443 0.016281250000000025 0.03398888888888882
0 0.1796875 0.1978088888888889 0.02009625000000015 0.0299488888888889
0 0.14794874999999996 0.2332888888888889 0.0180975000000001 0.03762444444444441
0 0.14306624999999995 0.20160666666666668 0.023193749999999902 0.027859999999999996
0 0.14794874999999996 0.7977422222222222 0.0196075 0.03968666666666662
0 0.19775374999999995 0.21582 0.01724250000000005 0.04242666666666666
0 0.16162125000000005 0.21506 0.016525000000000123 0.042506666666666644
0 0.10742124999999991 0.22102888888888889 0.026702500000000073 0.02905333333333335
0 0.11572249999999995 0.24457555555555555 0.02580249999999995 0.02588
0 0.07421875 0.9123266666666667 0.01257375000000005 0.08604666666666658
0 0.03808624999999988 0.9210066666666665 0.04534875000000005 0.09320666666666672
0 0.12695250000000002 0.8172733333333333 0.025131249999999827 0.026286666666666667