0 0.13124999999999998 0.8055555555555556 0.02499999999999991 0.028888888888888867
0 0.77880875 0.14203555555555555 0.025222499999999926 0.028726666666666664
0 0.66870125 0.1353088888888889 0.024002499999999927 0.03336666666666667
0 0.74536125 0.13661111111111113 0.024932500000000024 0.03125111111111112
0 0.70166 0.1433377777777778 0.02442875 0.027628888888888852
0 0.76123 0.1622177777777778 0.025374999999999925 0.027859999999999996
0 0.6826175 0.16156666666666666 0.0240475 0.028617777777777756
0 0.09033249999999993 0.1590711111111111 0.030212500000000198 0.03198222222222223
0 0.09326124999999996 0.1350911111111111 0.029143750000000024 0.030762222222222232
0 0.12841749999999996 0.13834666666666667 0.0260625000000001 0.02894444444444444
0 0.5405274999999999 0.13802 0.023285 0.030191111111111082
0 0.10058624999999988 0.18771777777777776 0.029983750000000198 0.02648888888888888
0 0.32959000000000005 0.13726222222222223 0.023331250000000026 0.03054444444444446
0 0.30957 0.1534288888888889 0.014336250000000161 0.04106888888888887
0 0.51586875 0.18739111111111112 0.01525125000000016 0.04291555555555555
0 0.33447249999999995 0.17220000000000002 0.01640375000000005 0.04172000000000001
0 0.16845749999999993 0.13172666666666666 0.024932499999999802 0.031493333333333345
0 0.15332 0.7842888888888889 0.02037 0.045546666666666624
0 0.10497999999999996 0.7816844444444445 0.02298 0.041015555555555534
0 0.4965824999999999 0.15071555555555557 0.014838750000000012 0.04383777777777779
0 0.3715824999999999 0.13335555555555556 0.022720000000000073 0.03355555555555556
0 0.35009749999999995 0.15375333333333333 0.016281250000000025 0.04383777777777779
0 0.13525374999999995 0.17339333333333334 0.01998875 0.04060888888888887
0 0.57006875 0.1353088888888889 0.022766249999999877 0.03241555555555559
0 0.18847625 0.15234444444444445 0.018982500000000124 0.041557777777777756
0 0.14990250000000005 0.15104222222222222 0.0186925 0.043511111111111105
0 0.3793949999999999 0.17317777777777776 0.015015 0.04188444444444444
0 0.50659125 0.20681333333333335 0.01684624999999995 0.03879111111111112
0 0.08203125 0.9071177777777779 0.015365000000000073 0.09234000000000009
0 0.56494125 0.18543777777777778 0.014114999999999878 0.04484000000000002
0 0.5483399999999999 0.18185777777777778 0.015900000000000025 0.04147777777777782
0 0.5170899999999999 0.15266888888888888 0.014557500000000001 0.04093333333333336
0 0.12158249999999993 0.17014 0.01791374999999995 0.039171111111111094
0 0.5798337499999999 0.18576444444444448 0.014953750000000099 0.04283333333333333
0 0.48681624999999995 0.16449555555555556 0.016342499999999927 0.04391777777777782
0 0.04492124999999991 0.9140622222222221 0.0511775000000001 0.1130644444444447