0 0.7499549999999999 0.7442422222222222 0.013836249999999994 0.030162222222222153
0 0.7371887500000001 0.7562488888888889 0.018283750000000154 0.020206666666666706
0 0.7230237500000001 0.7439488888888889 0.013012500000000093 0.030162222222222153
0 0.62779875 0.7520755555555556 0.01492249999999995 0.022211111111111057
0 0.612825 0.7413133333333333 0.010706249999999917 0.030746666666666575
0 0.59791875 0.7515622222222222 0.01581374999999996 0.02079111111111113
0 0.5926475 0.7240355555555555 0.013836249999999994 0.03484666666666669
0 0.51407625 0.7404355555555555 0.013836249999999994 0.02723333333333342
0 0.50089875 0.7129088888888889 0.01218874999999997 0.02957555555555559
0 0.49999249999999995 0.7397022222222221 0.013012500000000093 0.029284444444444446
0 0.4845912499999999 0.7467311111111111 0.01614249999999995 0.020497777777777653
0 0.794375 0.7297777777777777 0.788 0.7284444444444444 0.786 0.7288888888888888 0.784375 0.7306666666666666 0.785375 0.738 0.7875 0.7422222222222222 0.795375 0.7477777777777779 0.79725 0.7484444444444445 0.8005 0.7468888888888889 0.80175 0.7446666666666667 0.80175 0.7393333333333333 0.800875 0.7362222222222222 0.79875 0.7328888888888889 0.794375 0.7297777777777777
0 0.785 0.7084444444444444 0.78275 0.7077777777777778 0.779875 0.7088888888888889 0.778 0.7106666666666667 0.776625 0.7133333333333334 0.7765 0.717111111111111 0.778125 0.7211111111111111 0.783 0.726 0.788625 0.7275555555555555 0.7935 0.7266666666666667 0.795 0.7237777777777779 0.7945 0.7208888888888889 0.793625 0.7166666666666667 0.791625 0.7133333333333334 0.785 0.7084444444444444
0 0.765625 0.71875 0.771484375 0.71875 0.771484375 0.7361111111111112 0.767578125 0.7430555555555556 0.763671875 0.7430555555555556 0.76171875 0.7395833333333334 0.765625 0.7291666666666666 0.765625 0.7222222222222222
0 0.76158375 0.7286311111111111 0.010411249999999983 0.028380000000000096
0 0.766095 0.7536177777777778 0.017352500000000104 0.01912666666666654
0 0.790735 0.7554688888888889 0.019433749999999916 0.01542444444444434
0 0.62242 0.7243111111111111 0.011105000000000143 0.0320822222222223
0 0.6402924999999999 0.7394266666666667 0.010063750000000038 0.03269999999999998
0 0.5084175 0.7014844444444444 0.013535000000000075 0.029613333333333318
0 0.5219525 0.7298644444444444 0.010758749999999928 0.030848888888888877
0 0.47926625 0.7166 0.012839999999999963 0.03269999999999998
0 0.4685075000000001 0.7166 0.010758749999999928 0.03269999999999998
0 0.45740250000000005 0.7147488888888889 0.010758749999999928 0.03269999999999998
0 0.46538499999999994 0.7496066666666666 0.017698750000000096 0.01974222222222228
0 0.39944625 0.74714 0.0204749999999998 0.0209755555555557
0 0.38920875 0.7301733333333335 0.020822499999999966 0.020359999999999958
0 0.37706249999999997 0.7412777777777778 0.01873999999999998 0.016657777777777757
0 0.34947249999999996 0.7452888888888889 0.02186375000000007 0.01974222222222228
0 0.33507124999999993 0.7283222222222222 0.021516249999999904 0.017891111111111177
0 0.3243125 0.7437466666666668 0.01873999999999998 0.016657777777777757
0 0.7699125 0.32544666666666666 0.01249374999999997 0.03269999999999998
0 0.7513449999999999 0.3115644444444444 0.018393749999999986 0.01850888888888886
0 0.7353812500000001 0.32884 0.010758749999999928 0.03454888888888884
0 0.8009725 0.23907111111111112 0.023251249999999946 0.06477999999999993
0 0.7789349999999999 0.24431555555555556 0.015270000000000117 0.06292888888888884