0 0.53027375 0.7330733333333334 0.015076250000000124 0.03491111111111126
0 0.41748 0.7183155555555556 0.01248125 0.03491111111111126
0 0.51318375 0.7348088888888888 0.014450000000000074 0.03309555555555556
0 0.549805 0.7443577777777778 0.01998875 0.02151111111111111
0 0.375 0.7478288888888889 0.01861625 0.021851111111111068
0 0.6557612500000001 0.7443577777777778 0.019455 0.022704444444444465
0 0.5747075 0.7478288888888889 0.01953125 0.02134888888888891
0 0.58203125 0.7065977777777778 0.013427499999999926 0.03296
0 0.4111325 0.7504333333333333 0.020492499999999914 0.023153333333333335
0 0.35913125 0.7365444444444444 0.011962499999999987 0.035535555555555556
0 0.5292975 0.7044266666666668 0.013740000000000085 0.033882222222222244
0 0.39257875000000003 0.73698 0.013534999999999964 0.03466888888888894
0 0.5561525 0.7087666666666667 0.013168749999999951 0.03692000000000009
0 0.5048825 0.7239577777777778 0.014061249999999914 0.03347333333333344
0 0.25756875 0.7421866666666667 0.014732500000000037 0.03504666666666662
0 0.5698237500000001 0.7079 0.0121 0.03594222222222222
0 0.74707 0.7378466666666667 0.019164999999999877 0.02167333333333331
0 0.521485 0.6892355555555556 0.014061249999999914 0.03209111111111104
0 0.38037125 0.7187511111111111 0.013122499999999926 0.03559111111111118
0 0.17565875 0.7565111111111111 0.022933749999999975 0.02167333333333331
0 0.2407225 0.7582466666666667 0.02059875 0.023153333333333335
0 0.20605500000000002 0.7543400000000001 0.022415000000000018 0.022528888888888845
0 0.71923875 0.7434888888888889 0.02059875000000022 0.023775555555555487
0 0.20202625000000002 0.24023333333333335 0.016097500000000042 0.03678444444444443
0 0.17358375 0.7382822222222223 0.022842499999999988 0.023233333333333463
0 0.16272 0.1343311111111111 0.030913750000000018 0.10107333333333329
0 0.66601625 0.7230911111111111 0.02014125 0.023328888888888757
0 0.20056125 0.7274311111111111 0.013793749999999994 0.034993333333333335
0 0.21228 0.7239577777777778 0.015541250000000006 0.034993333333333335
0 0.18151875 0.7135422222222222 0.02237 0.024237777777777778
0 0.73193375 0.72092 0.01998875 0.023599999999999868
0 0.22424375000000002 0.7434888888888889 0.014617500000000005 0.03683777777777782
0 0.19055125 0.13975777777777776 0.01615875 0.08848666666666667
0 0.683125 0.7383333333333334 0.01750000000000007 0.0344444444444445
0 0.225 0.22166666666666668 0.025000000000000022 0.025555555555555602
0 0.2415625 0.23888888888888887 0.015625 0.04222222222222221