0 0.51198875 0.29170444444444443 0.007130000000000081 0.025693333333333297
0 0.5250925 0.29444444444444445 0.008671249999999908 0.025008888888888907
0 0.52422625 0.3134577777777778 0.007707499999999978 0.026035555555555492
0 0.2916375 0.3026666666666667 0.00809375000000001 0.025693333333333297
0 0.30917375 0.29238888888888886 0.00924999999999998 0.03254444444444439
0 0.27169374999999996 0.2935888888888889 0.01599375000000003 0.01850000000000001
0 0.28759749999999995 0.6757822222222223 0.01692249999999995 0.016737777777777692
0 0.3017575 0.6623266666666666 0.01233625000000016 0.02700444444444451
0 0.2705075 0.6614577777777778 0.013373749999999962 0.02711333333333342
0 0.43994124999999995 0.2821177777777778 0.012428749999999988 0.020142222222222235
0 0.44384749999999995 0.30468666666666666 0.00894875000000006 0.02619111111111118
0 0.3208012499999999 0.28190000000000004 0.013023750000000112 0.02045333333333331
0 0.296875 0.2838533333333333 0.013587500000000086 0.018784444444444444
0 0.53881875 0.28689333333333333 0.013068750000000184 0.018935555555555556
0 0.6684574999999999 0.29948 0.014228750000000012 0.017726666666666644
0 0.4267575 0.2934022222222222 0.010170000000000012 0.025295555555555578
0 0.4140625 0.28450444444444445 0.012237499999999901 0.018935555555555556
0 0.40380875000000005 0.29362 0.010010000000000074 0.023411111111111122
0 0.6782225 0.28993111111111114 0.013168750000000173 0.01787555555555552
0 0.50683625 0.30034666666666665 0.009818749999999987 0.02387111111111108
0 0.41747999999999996 0.3042533333333333 0.009781250000000075 0.026802222222222245
0 0.6328125 0.2903644444444444 0.012970000000000148 0.01864888888888889
0 0.6582025 0.28624222222222223 0.013953749999999987 0.01999333333333326
0 0.5170899999999999 0.3227 0.010856250000000012 0.022528888888888945
0 0.6130375 0.2858066666666667 0.013481250000000111 0.020697777777777777
0 0.5424800000000001 0.31098000000000003 0.008743749999999828 0.026286666666666667
0 0.2778324999999999 0.31011333333333335 0.014671250000000136 0.018364444444444454
0 0.561035 0.31315111111111116 0.008613749999999865 0.026584444444444424
0 0.62182625 0.29948 0.013535000000000075 0.020222222222222266
0 0.33154249999999996 0.29144888888888887 0.010948750000000063 0.02619111111111118
0 0.55542 0.28428888888888887 0.012146250000000025 0.020697777777777777
0 0.5520025 0.3125 0.00926999999999989 0.028048888888888887
0 0.299805 0.3031688888888889 0.010528749999999976 0.025986666666666675
0 0.27539 0.28190000000000004 0.015128750000000135 0.01938222222222219
0 0.25683625 0.7296 0.01287124999999989 0.06168666666666667
0 0.23388624999999996 0.7330733333333334 0.018982500000000124 0.059733333333333465