0 0.0045075 0.004624444444444444 0.009015 0.009248888888888888
0 0.00310125 0.0077911111111111115 0.0062025 0.015582222222222223
0 0.0029762499999999997 0.007124444444444445 0.0059524999999999995 0.01424888888888889
0 0.00022625000000000002 0.2137911111111111 0.00045250000000000005 0.4275822222222222
0 0.5832174999999999 0.3005 0.008588749999999923 0.027759999999999983
0 0.59473375 0.2918266666666667 0.014443749999999866 0.018737777777777766
0 0.4782075 0.2987666666666667 0.01171124999999995 0.02984222222222223
0 0.69974375 0.6884444444444444 0.012101249999999952 0.036088888888888865
0 0.71289125 0.7013888888888888 0.017104999999999926 0.01609999999999998
0 0.7299800000000001 0.6879333333333333 0.013221249999999962 0.0284822222222222
0 0.375 0.3042533333333333 0.015364999999999962 0.015137777777777769
0 0.56347625 0.31206666666666666 0.010651250000000001 0.027859999999999947
0 0.7421875 0.29014666666666666 0.016097500000000098 0.01745555555555563
0 0.3159175 0.2910155555555555 0.015487499999999987 0.017944444444444468
0 0.32690375 0.3036022222222223 0.015541249999999951 0.01864888888888889
0 0.59130875 0.3135844444444445 0.010696250000000074 0.02480666666666674
0 0.6938475 0.2886288888888889 0.015541250000000062 0.018784444444444444
0 0.7377925000000001 0.3207466666666667 0.015671250000000025 0.016153333333333367
0 0.36377 0.2927511111111112 0.015900000000000025 0.01673777777777779
0 0.44848625 0.31770888888888893 0.008879999999999999 0.02720888888888891
0 0.5688475 0.28884444444444446 0.013168749999999951 0.017524444444444478
0 0.606445 0.3001311111111111 0.010292500000000038 0.025986666666666675
0 0.33667 0.2875444444444445 0.015716249999999987 0.019164444444444366
0 0.4636225 0.29014666666666666 0.015128750000000024 0.01745555555555563
0 0.45947250000000006 0.31705777777777777 0.010093750000000012 0.027737777777777813
0 0.4396975 0.31770888888888893 0.009086249999999962 0.02711333333333342
0 0.7153325 0.3138022222222222 0.010734999999999939 0.025391111111111166
0 0.38525375 0.2884111111111111 0.015364999999999962 0.019084444444444435
0 0.68164125 0.2996955555555556 0.011733750000000098 0.02588
0 0.48584 0.3315977777777778 0.010856250000000012 0.026802222222222245
0 0.44580125 0.28776 0.014732499999999926 0.018148888888888867
0 0.47949250000000004 0.3229177777777778 0.011596250000000086 0.022528888888888945
0 0.74121125 0.7625866666666666 0.013221249999999962 0.05371111111111107
0 0.49267625 0.30034666666666665 0.011962499999999987 0.0276288888888889
0 0.76318375 0.7677955555555556 0.018906249999999902 0.05707555555555564