0 0.46084875000000003 0.30008 0.012162500000000076 0.031642222222222176
0 0.5949225 0.26454444444444447 0.012741249999999926 0.02211333333333343
0 0.582635 0.27533111111111114 0.010618750000000121 0.0307422222222223
0 0.72928 0.2809977777777778 0.008897500000000003 0.03311777777777783
0 0.4796325 0.27865333333333336 0.00859124999999994 0.02559555555555547
0 0.47974875 0.3005333333333333 0.009288750000000068 0.028897777777777814
0 0.56347625 0.2886288888888889 0.009673749999999925 0.0281577777777778
0 0.7456050000000001 0.28884444444444446 0.01615875 0.01726666666666659
0 0.7436525 0.6701400000000001 0.013901249999999976 0.029053333333333202
0 0.72461 0.2597666666666667 0.015426249999999975 0.02007333333333329
0 0.69775375 0.25781333333333334 0.014732500000000037 0.0219311111111111
0 0.71142625 0.26779555555555556 0.009742499999999987 0.0276288888888889
0 0.3801275 0.2879777777777778 0.015602499999999964 0.017944444444444468
0 0.68505875 0.2704 0.010948750000000063 0.028944444444444488
0 0.6074225 0.27495555555555556 0.009597500000000148 0.026802222222222245
0 0.748535 0.2573777777777778 0.01615875 0.019164444444444366
0 0.75195375 0.2695311111111111 0.01596125000000015 0.020142222222222235
0 0.59130875 0.2890622222222222 0.010612499999999914 0.027737777777777813
0 0.70996125 0.6692711111111111 0.012191250000000098 0.03054444444444431
0 0.5688475 0.26432222222222224 0.013122499999999926 0.02045333333333331
0 0.34375 0.27539111111111114 0.016097499999999987 0.020222222222222266
0 0.36962875 0.2784288888888889 0.016281250000000025 0.018080000000000023
0 0.38867250000000003 0.27322 0.014900000000000024 0.020304444444444434
0 0.32421875 0.27929777777777776 0.015015 0.018297777777777843
0 0.72070375 0.28146666666666664 0.010734999999999939 0.028944444444444488
0 0.44995125 0.3001311111111111 0.009231250000000024 0.027859999999999947
0 0.4411625 0.2999133333333333 0.010528749999999976 0.0281577777777778
0 0.48608375000000004 0.3105466666666667 0.010208749999999989 0.024237777777777778
0 0.44751 0.2701822222222222 0.013427500000000037 0.020142222222222235
0 0.33471625 0.2903644444444444 0.01525125000000005 0.017726666666666644
0 0.4636225 0.2714844444444445 0.015716249999999987 0.01999333333333326
0 0.4921875 0.2812511111111111 0.010651250000000001 0.026584444444444424
0 0.7250975 0.68316 0.016982500000000122 0.018148888888888867
0 0.754395 0.7447911111111112 0.01798999999999995 0.05642444444444431
0 0.77832 0.7491311111111112 0.014450000000000074 0.05740000000000004
0 0.4980475 0.28342 0.01272625000000005 0.026802222222222245