0 0.2253125 0.165 0.02812500000000001 0.030000000000000002
0 0.258125 0.16055555555555556 0.026249999999999996 0.030000000000000002
0 0.2425 0.18222222222222223 0.03125 0.03999999999999999
0 0.29625 0.16611111111111113 0.026249999999999996 0.03222222222222223
0 0.31375000000000003 0.1827777777777778 0.03125 0.03444444444444445
0 0.3284375 0.15611111111111112 0.028124999999999956 0.030000000000000002
0 0.41875 0.15722222222222224 0.025000000000000022 0.041111111111111126
0 0.44656250000000003 0.16166666666666668 0.030625000000000013 0.038888888888888896
0 0.439375 0.20111111111111113 0.015000000000000013 0.05333333333333331
0 0.4246875 0.205 0.015625 0.052222222222222246
0 0.41000000000000003 0.20722222222222222 0.01749999999999996 0.058888888888888866
0 0.468125 0.17055555555555557 0.016249999999999987 0.038888888888888896
0 0.4709375 0.20444444444444448 0.021874999999999978 0.037777777777777785
0 0.478125 0.21833333333333332 0.015000000000000013 0.03666666666666665
0 0.4890625 0.16777777777777778 0.018124999999999947 0.04666666666666666
0 0.49968750000000006 0.1811111111111111 0.018125000000000002 0.04666666666666666
0 0.605625 0.15333333333333335 0.02124999999999999 0.03111111111111109
0 0.5971875 0.195 0.018124999999999947 0.05000000000000002
0 0.6253125 0.17 0.015625 0.05333333333333333
0 0.6396875 0.18666666666666665 0.018124999999999947 0.05111111111111111
0 0.6465625 0.15333333333333335 0.02187500000000009 0.028888888888888915
0 0.6640625 0.17388888888888887 0.015625 0.04555555555555557
0 0.7771875 0.17 0.018124999999999947 0.04666666666666666
0 0.7953125 0.1488888888888889 0.024375000000000036 0.03333333333333331
0 0.8146875 0.16722222222222224 0.014375000000000027 0.05000000000000002
0 0.835 0.15333333333333335 0.022499999999999964 0.028888888888888915
0 0.829375 0.19 0.016250000000000098 0.04222222222222221
0 0.8434375000000001 0.18666666666666665 0.015625 0.048888888888888885
0 0.87 0.14666666666666667 0.022499999999999964 0.028888888888888915
0 0.874375 0.17333333333333334 0.023749999999999938 0.024444444444444467
0 0.865625 0.20055555555555554 0.02499999999999991 0.025555555555555554
0 0.8178125 0.7677777777777778 0.01937499999999992 0.05333333333333338
0 0.83875 0.785 0.02124999999999999 0.032222222222222124
0 0.8659375 0.7644444444444445 0.024375000000000036 0.04222222222222231
0 0.88375 0.8877777777777778 0.02124999999999999 0.10444444444444449
0 0.921875 0.8861111111111111 0.0475000000000001 0.11666666666666664