0 0.2693150000000001 0.3135266666666666 0.009619999999999962 0.025651111111111093
0 0.27823374999999995 0.3149511111111111 0.009018749999999853 0.025651111111111093
0 0.39847749999999993 0.29357333333333335 0.014630000000000143 0.020664444444444423
0 0.41120375 0.3033711111111111 0.009619999999999962 0.030995555555555516
0 0.50108625 0.30016444444444446 0.00981999999999994 0.027433333333333247
0 0.50719875 0.33472444444444444 0.009619999999999962 0.027433333333333247
0 0.5131112499999999 0.3227888888888889 0.00981999999999994 0.024939999999999962
0 0.5139125 0.3010555555555556 0.01022125000000007 0.024939999999999962
0 0.2739262499999999 0.7048622222222223 0.018646249999999975 0.017875555555555422
0 0.25585875 0.69184 0.013633749999999889 0.027208888888888713
0 0.28710875 0.69184 0.012191250000000098 0.0276288888888888
0 0.25585875 0.3224822222222222 0.0158387499999999 0.017131111111111135
0 0.42431624999999995 0.29058222222222224 0.013122499999999926 0.0184333333333333
0 0.299805 0.29079777777777777 0.014671250000000136 0.0203866666666666
0 0.6645512499999999 0.3075088888888889 0.016403749999999828 0.018080000000000023
0 0.61621125 0.3077266666666667 0.015190000000000037 0.018364444444444454
0 0.27441375 0.2921 0.014732500000000037 0.016288888888888922
0 0.5463862500000001 0.2910155555555555 0.013847500000000013 0.018866666666666712
0 0.2504887499999999 0.30468666666666666 0.017043750000000024 0.01999333333333326
0 0.4013675 0.31423555555555555 0.010902499999999815 0.02619111111111118
0 0.28759749999999995 0.30078222222222223 0.010856250000000012 0.027315555555555586
0 0.31201124999999996 0.30078222222222223 0.011161250000000011 0.025391111111111166
0 0.25244124999999995 0.2910155555555555 0.01615875 0.018717777777777736
0 0.53247125 0.31922666666666666 0.009338749999999951 0.02711333333333342
0 0.3872074999999999 0.3031688888888889 0.0102087500000001 0.026488888888888833
0 0.49560499999999996 0.31098000000000003 0.010131249999999925 0.026584444444444424
0 0.67504875 0.29514 0.014114999999999878 0.01779555555555559
0 0.60620125 0.2916666666666667 0.015128749999999913 0.01999333333333326
0 0.4296875 0.31401999999999997 0.010010000000000074 0.028375555555555525
0 0.62744125 0.2955733333333333 0.015716250000000098 0.01745555555555563
0 0.6540524999999999 0.2923177777777778 0.015251249999999938 0.017944444444444468
0 0.52954125 0.29405333333333333 0.015671250000000025 0.019911111111111088
0 0.5434574999999999 0.32096444444444444 0.00851500000000005 0.029622222222222265
0 0.55297875 0.3207466666666667 0.008781249999999963 0.027533333333333312
0 0.24316375 0.7656244444444444 0.013122499999999926 0.056097777777777774
0 0.22070250000000002 0.7704 0.0186925 0.05674888888888891