0 0.764425 0.2984777777777778 0.01709874999999994 0.02110888888888882
0 0.748515 0.3145222222222222 0.012823749999999912 0.03968444444444438
0 0.6000975 0.7625866666666666 0.016982500000000122 0.0203866666666666
0 0.6157225 0.7486977777777777 0.011505000000000098 0.03019111111111113
0 0.49853500000000006 0.7465288888888889 0.011779999999999902 0.030653333333333223
0 0.730225 0.7526044444444444 0.01272625000000005 0.0322266666666668
0 0.48339875 0.7573777777777777 0.01730374999999995 0.017875555555555422
0 0.744385 0.7664933333333334 0.01777625000000005 0.019084444444444532
0 0.758545 0.7547733333333333 0.0121 0.03019111111111113
0 0.5200199999999999 0.7395844444444445 0.01332874999999989 0.03054444444444431
0 0.5944825 0.7330733333333334 0.011200000000000099 0.030653333333333223
0 0.6298825 0.7591155555555555 0.01692249999999995 0.01653333333333329
0 0.49902375 0.7217888888888889 0.0141150000000001 0.03173777777777767
0 0.7690425 0.7382822222222223 0.0127712499999999 0.03019111111111113
0 0.46240250000000005 0.7604177777777779 0.015900000000000025 0.018433333333333204
0 0.5131837499999999 0.7486977777777777 0.012237499999999901 0.029377777777777798
0 0.626465 0.7352422222222222 0.011505000000000098 0.03125111111111107
0 0.64379875 0.7486977777777777 0.011330000000000062 0.03089777777777769
0 0.79956 0.7647577777777778 0.01976 0.019300000000000022
0 0.77819875 0.7400177777777778 0.011733749999999876 0.029948888888889
0 0.77392625 0.76302 0.018264999999999976 0.019464444444444555
0 0.3715824999999999 0.7526044444444444 0.0190125000000001 0.019300000000000022
0 0.50610375 0.7096355555555556 0.0127712499999999 0.029268888888888886
0 0.31835875 0.7530377777777778 0.01837124999999995 0.019300000000000022
0 0.4653324999999999 0.7261288888888889 0.010452500000000198 0.03019111111111113
0 0.393555 0.7582466666666667 0.017181250000000148 0.020304444444444333
0 0.45556624999999995 0.72526 0.011596249999999975 0.03019111111111113
0 0.80127 0.7491311111111112 0.020416250000000025 0.022095555555555535
0 0.78369125 0.31488666666666665 0.014671249999999914 0.03285111111111109
0 0.3403324999999999 0.7569444444444444 0.01684624999999995 0.020697777777777777
0 0.79455625 0.7282977777777778 0.01976 0.019613333333333333
0 0.4770512499999999 0.7261288888888889 0.011291249999999975 0.033148888888888846
0 0.3286137499999999 0.739148888888889 0.014671250000000136 0.02007333333333329
0 0.8188475 0.22309111111111113 0.024093750000000025 0.07286222222222222
0 0.3828125 0.7404511111111112 0.015487499999999876 0.01858222222222218
0 0.7946775 0.22829777777777777 0.015426249999999975 0.0666222222222222