0 0.25066999999999995 0.2705355555555556 0.010838749999999786 0.0339755555555555
0 0.3928624999999999 0.2479711111111111 0.018541249999999954 0.024340000000000077
0 0.40684 0.2609022222222222 0.012836250000000105 0.038033333333333315
0 0.5217925 0.2860022222222222 0.011695000000000011 0.03144000000000001
0 0.2607425 0.6909733333333334 0.014228750000000012 0.02983999999999989
0 0.24462874999999995 0.7044266666666668 0.019058749999999902 0.020142222222222332
0 0.22558625 0.6879333333333333 0.015128750000000135 0.029053333333333202
0 0.23681624999999995 0.27799555555555555 0.01692249999999995 0.020697777777777777
0 0.28515625 0.24500888888888891 0.015487499999999876 0.023153333333333335
0 0.2578125 0.24826444444444448 0.016982500000000122 0.02151111111111111
0 0.23388624999999996 0.24522666666666668 0.016525000000000123 0.021593333333333378
0 0.23095749999999993 0.26106666666666667 0.018508750000000074 0.02297555555555548
0 0.3793949999999999 0.25846444444444444 0.011962500000000098 0.030299999999999945
0 0.4267575 0.2738711111111111 0.01132999999999984 0.03125111111111117
0 0.68286125 0.25021777777777776 0.017517500000000075 0.022799999999999956
0 0.27148375 0.25672666666666666 0.013068749999999962 0.030408888888888954
0 0.39697249999999995 0.2727866666666667 0.0121 0.030084444444444455
0 0.53808625 0.25065111111111116 0.014671249999999914 0.0219311111111111
0 0.26122999999999996 0.2708333333333333 0.013793750000000049 0.030408888888888954
0 0.29785125 0.2582466666666667 0.013168749999999951 0.030762222222222232
0 0.6513675 0.25499111111111117 0.015961249999999927 0.020942222222222147
0 0.69433625 0.2673622222222222 0.017441249999999853 0.02118666666666671
0 0.55444375 0.2829866666666667 0.009559999999999791 0.03296
0 0.63867125 0.26627555555555554 0.017441250000000075 0.021755555555555577
0 0.70629875 0.25455777777777777 0.016342499999999927 0.020304444444444434
0 0.5646975 0.28342 0.010566249999999888 0.03271555555555553
0 0.6269525 0.24978222222222224 0.016525000000000123 0.024237777777777778
0 0.542725 0.2825511111111111 0.01040624999999995 0.030544444444444412
0 0.5134274999999999 0.29470444444444444 0.011421249999999938 0.026693333333333333
0 0.5588375 0.24848 0.01438874999999995 0.022975555555555575
0 0.2080075 0.7673622222222223 0.009056249999999988 0.06917333333333334
0 0.5 0.26714444444444446 0.011824999999999974 0.027859999999999947
0 0.50683625 0.25846444444444444 0.010902500000000037 0.02973111111111108
0 0.5219725 0.26063333333333333 0.010054999999999925 0.028266666666666614
0 0.18164000000000002 0.7730044444444445 0.02681 0.0623377777777776