0 0.00425 0.009944444444444443 0.0085 0.019888888888888887
0 0.0054687500000000005 0.007388888888888889 0.010937500000000001 0.014777777777777779
0 0.0043125 0.010944444444444444 0.008625 0.02188888888888889
0 0.26806625 0.20616222222222225 0.021942499999999976 0.026584444444444473
0 0.33715875 0.2079 0.02104125000000001 0.026802222222222196
0 0.35400375 0.2237422222222222 0.022537499999999988 0.027533333333333312
0 0.28369125 0.22395777777777776 0.022796249999999962 0.0274244444444444
0 0.29834 0.20193111111111114 0.02250625000000006 0.03054444444444446
0 0.63476625 0.19846 0.019713749999999974 0.03100666666666665
0 0.691895 0.2166888888888889 0.013740000000000085 0.03819555555555551
0 0.4567875 0.20052 0.0190125000000001 0.03054444444444446
0 0.5229487500000001 0.21430222222222223 0.014061249999999914 0.04077111111111112
0 0.44726625000000003 0.24544222222222223 0.012825000000000086 0.040608888888888965
0 0.36743125 0.2011711111111111 0.022628749999999975 0.030897777777777788
0 0.50390625 0.2164711111111111 0.012146250000000025 0.03792222222222216
0 0.48242250000000003 0.2033422222222222 0.020340000000000025 0.027315555555555586
0 0.5307612500000001 0.22960000000000003 0.014671250000000136 0.04204666666666669
0 0.89892625 0.7968755555555557 0.021453749999999827 0.04014666666666658
0 0.6284175000000001 0.23502666666666666 0.014557500000000001 0.041395555555555553
0 0.46044875 0.24435777777777778 0.013122499999999926 0.0405266666666666
0 0.47534125 0.24305555555555555 0.01348125 0.042182222222222246
0 0.5048825 0.24761333333333335 0.013328750000000111 0.039088888888888874
0 0.668945 0.23372444444444446 0.016662499999999802 0.039686666666666724
0 0.5122075 0.26128444444444443 0.016281250000000025 0.03398888888888882
0 0.8203125 0.1978088888888889 0.02009625000000015 0.0299488888888889
0 0.85205125 0.2332888888888889 0.0180975000000001 0.03762444444444441
0 0.85693375 0.20160666666666668 0.023193749999999902 0.027859999999999996
0 0.85205125 0.7977422222222222 0.0196075 0.03968666666666662
0 0.80224625 0.21582 0.01724250000000005 0.04242666666666666
0 0.83837875 0.21506 0.016525000000000123 0.042506666666666644
0 0.8925787500000001 0.22102888888888889 0.026702500000000073 0.02905333333333335
0 0.8842775 0.24457555555555555 0.02580249999999995 0.02588
0 0.92578125 0.9123266666666667 0.01257375000000005 0.08604666666666658
0 0.9619137500000001 0.9210066666666665 0.04534875000000005 0.09320666666666672
0 0.8730475 0.8172733333333333 0.025131249999999827 0.026286666666666667