0 0.6557612500000001 0.1860888888888889 0.019791249999999927 0.027628888888888852
0 0.3388675 0.18771777777777776 0.01968375 0.02415555555555556
0 0.30078125 0.18153111111111112 0.020645000000000024 0.027860000000000044
0 0.47705125 0.18576444444444448 0.018432499999999963 0.02588
0 0.28686500000000004 0.20366666666666666 0.021621250000000036 0.024062222222222207
0 0.61914125 0.18120666666666665 0.01937875 0.029268888888888886
0 0.355225 0.20399333333333336 0.02037 0.02471333333333334
0 0.3671875 0.18153111111111112 0.020248749999999927 0.027940000000000027
0 0.49804750000000003 0.19813333333333336 0.013687499999999964 0.03393555555555558
0 0.6513675 0.21560222222222222 0.015487499999999876 0.03656666666666671
0 0.27148500000000003 0.1860888888888889 0.02076750000000005 0.02499777777777777
0 0.67236375 0.19986888888888887 0.013023750000000112 0.037135555555555526
0 0.5063475000000001 0.24045111111111112 0.01478625 0.033040000000000035
0 0.4523925 0.18153111111111112 0.018982499999999902 0.027113333333333323
0 0.5229487500000001 0.20833333333333334 0.013901249999999976 0.035184444444444414
0 0.6386725 0.19943555555555556 0.014617500000000172 0.038140000000000035
0 0.4567875 0.2228733333333333 0.011161250000000011 0.039253333333333335
0 0.5151362500000001 0.19542 0.013168749999999951 0.03586222222222219
0 0.49877875 0.22569555555555557 0.013168750000000062 0.03458666666666667
0 0.85546875 0.20399333333333336 0.024841249999999926 0.02529555555555553
0 0.47119125000000006 0.22200444444444445 0.012054999999999927 0.03827555555555554
0 0.61328125 0.21560222222222222 0.0141150000000001 0.03938888888888887
0 0.82275375 0.18641555555555556 0.021011249999999926 0.023966666666666667
0 0.8471675000000001 0.22699555555555553 0.0237274999999999 0.022095555555555535
0 0.8515625 0.18413555555555558 0.024612499999999926 0.025486666666666657
0 0.79003875 0.18185777777777778 0.019348750000000026 0.02720888888888891
0 0.8061525 0.19813333333333336 0.015541250000000062 0.036837777777777775
0 0.44433625000000004 0.22395777777777776 0.011596250000000086 0.03819555555555559
0 0.81836 0.21614666666666663 0.01684624999999995 0.03485777777777775
0 0.81347625 0.7326400000000001 0.01798999999999995 0.03559111111111118
0 0.8559575 0.7309022222222222 0.01919499999999985 0.034397777777777826
0 0.7719725 0.19911111111111113 0.015716249999999876 0.0390088888888889
0 0.8769537500000001 0.8337666666666667 0.0127712499999999 0.0745444444444444
0 0.9072262500000001 0.8389755555555555 0.04098499999999983 0.08306222222222222
0 0.8339 0.7489577777777777 0.02466125000000008 0.03166222222222221
0 0.8318450000000001 0.21352444444444446 0.012329999999999952 0.03572222222222224