0 0.46972625 0.7330733333333334 0.015076250000000124 0.03491111111111126
0 0.5825199999999999 0.7183155555555556 0.01248125 0.03491111111111126
0 0.48681624999999995 0.7348088888888888 0.014450000000000074 0.03309555555555556
0 0.450195 0.7443577777777778 0.01998875 0.02151111111111111
0 0.625 0.7478288888888889 0.01861625 0.021851111111111068
0 0.3442387499999999 0.7443577777777778 0.019455 0.022704444444444465
0 0.42529249999999996 0.7478288888888889 0.01953125 0.02134888888888891
0 0.41796875 0.7065977777777778 0.013427499999999926 0.03296
0 0.5888675 0.7504333333333333 0.020492499999999803 0.023153333333333335
0 0.64086875 0.7365444444444444 0.011962499999999876 0.035535555555555556
0 0.4707025 0.7044266666666668 0.013740000000000085 0.033882222222222244
0 0.60742125 0.73698 0.013535000000000075 0.03466888888888894
0 0.44384749999999995 0.7087666666666667 0.013168749999999951 0.03692000000000009
0 0.4951175 0.7239577777777778 0.014061249999999914 0.03347333333333344
0 0.74243125 0.7421866666666667 0.014732500000000037 0.03504666666666662
0 0.4301762499999999 0.7079 0.0121 0.03594222222222222
0 0.25293 0.7378466666666667 0.019164999999999877 0.02167333333333331
0 0.478515 0.6892355555555556 0.014061249999999914 0.03209111111111104
0 0.61962875 0.7187511111111111 0.013122499999999926 0.03559111111111118
0 0.82434125 0.7565111111111111 0.022933749999999975 0.02167333333333331
0 0.7592775 0.7582466666666667 0.02059875 0.023153333333333335
0 0.793945 0.7543400000000001 0.022415000000000074 0.022528888888888845
0 0.28076124999999996 0.7434888888888889 0.02059875000000022 0.023775555555555487
0 0.7979737499999999 0.24023333333333335 0.016097500000000098 0.03678444444444443
0 0.82641625 0.7382822222222223 0.0228425000000001 0.023233333333333463
0 0.83728 0.1343311111111111 0.030913750000000073 0.10107333333333329
0 0.33398375 0.7230911111111111 0.02014125 0.023328888888888757
0 0.79943875 0.7274311111111111 0.013793750000000049 0.034993333333333335
0 0.78772 0.7239577777777778 0.015541250000000062 0.034993333333333335
0 0.81848125 0.7135422222222222 0.02237 0.024237777777777778
0 0.26806624999999995 0.72092 0.01998875 0.023599999999999868
0 0.7757562499999999 0.7434888888888889 0.01461749999999995 0.03683777777777782
0 0.80944875 0.13975777777777776 0.01615875 0.08848666666666667
0 0.316875 0.7383333333333334 0.01750000000000007 0.0344444444444445
0 0.775 0.22166666666666668 0.025000000000000133 0.025555555555555602
0 0.7584375 0.23888888888888887 0.015625 0.04222222222222221