0 0.7306849999999999 0.3135266666666666 0.009619999999999962 0.025651111111111093
0 0.72176625 0.3149511111111111 0.009018749999999853 0.025651111111111093
0 0.6015225000000001 0.29357333333333335 0.014630000000000143 0.020664444444444423
0 0.58879625 0.3033711111111111 0.009619999999999962 0.030995555555555516
0 0.49891375 0.30016444444444446 0.009820000000000051 0.027433333333333247
0 0.49280124999999997 0.33472444444444444 0.009619999999999962 0.027433333333333247
0 0.48688875000000004 0.3227888888888889 0.009820000000000051 0.024939999999999962
0 0.4860875 0.3010555555555556 0.01022125000000007 0.024939999999999962
0 0.7260737500000001 0.7048622222222223 0.018646249999999975 0.017875555555555422
0 0.74414125 0.69184 0.013633749999999889 0.027208888888888713
0 0.71289125 0.69184 0.012191250000000098 0.0276288888888888
0 0.74414125 0.3224822222222222 0.0158387499999999 0.017131111111111135
0 0.57568375 0.29058222222222224 0.013122499999999926 0.0184333333333333
0 0.700195 0.29079777777777777 0.014671250000000136 0.0203866666666666
0 0.33544875 0.3075088888888889 0.01640374999999994 0.018080000000000023
0 0.38378875 0.3077266666666667 0.015190000000000037 0.018364444444444454
0 0.72558625 0.2921 0.014732500000000037 0.016288888888888922
0 0.45361375 0.2910155555555555 0.013847500000000013 0.018866666666666712
0 0.7495112500000001 0.30468666666666666 0.017043750000000024 0.01999333333333326
0 0.5986325 0.31423555555555555 0.010902499999999815 0.02619111111111118
0 0.7124025 0.30078222222222223 0.010856250000000012 0.027315555555555586
0 0.68798875 0.30078222222222223 0.011161250000000011 0.025391111111111166
0 0.74755875 0.2910155555555555 0.01615875 0.018717777777777736
0 0.46752875 0.31922666666666666 0.009338749999999951 0.02711333333333342
0 0.6127925000000001 0.3031688888888889 0.0102087500000001 0.026488888888888833
0 0.504395 0.31098000000000003 0.01013124999999998 0.026584444444444424
0 0.32495125 0.29514 0.014114999999999989 0.01779555555555559
0 0.39379875 0.2916666666666667 0.015128749999999913 0.01999333333333326
0 0.5703125 0.31401999999999997 0.010010000000000074 0.028375555555555525
0 0.37255875 0.2955733333333333 0.015716249999999987 0.01745555555555563
0 0.3459475 0.2923177777777778 0.01525125000000005 0.017944444444444468
0 0.47045875000000004 0.29405333333333333 0.015671250000000025 0.019911111111111088
0 0.4565425 0.32096444444444444 0.00851499999999994 0.029622222222222265
0 0.44702125000000004 0.3207466666666667 0.008781249999999963 0.027533333333333312
0 0.75683625 0.7656244444444444 0.013122499999999926 0.056097777777777774
0 0.7792975 0.7704 0.0186925 0.05674888888888891