0 0.8150000000000001 0.7522222222222222 0.02750000000000008 0.022222222222222143
0 0.795 0.73 0.016250000000000098 0.051111111111111204
0 0.8235225 0.21196666666666672 0.013410000000000144 0.04334666666666667
0 0.81255 0.2171666666666667 0.017798749999999863 0.04594666666666668
0 0.79828625 0.19917777777777776 0.015117500000000117 0.05938444444444446
0 0.64453125 0.18674000000000002 0.021484999999999976 0.02520000000000004
0 0.28881875 0.18869333333333332 0.021011250000000037 0.02638000000000002
0 0.34277375 0.20941777777777779 0.02128624999999995 0.02415555555555556
0 0.35498 0.18739111111111112 0.019943750000000038 0.02753333333333336
0 0.2761225 0.21115555555555554 0.02174374999999995 0.02452222222222221
0 0.25976625000000003 0.19336 0.02029375 0.02452222222222221
0 0.66211 0.19943555555555556 0.013373749999999962 0.03691999999999999
0 0.640625 0.2164711111111111 0.015015 0.034260000000000033
0 0.6088862500000001 0.1838111111111111 0.019501250000000026 0.02588
0 0.8549800000000001 0.8359377777777778 0.011374999999999913 0.07231999999999988
0 0.84130875 0.22569555555555557 0.02250624999999995 0.02415555555555561
0 0.4951175000000001 0.2458777777777778 0.015304999999999902 0.03458666666666667
0 0.60253875 0.21766444444444447 0.013535000000000075 0.03887333333333334
0 0.32666 0.19433555555555557 0.021011250000000037 0.023600000000000017
0 0.62793 0.19911111111111113 0.014900000000000135 0.03719111111111115
0 0.8159175000000001 0.18413555555555558 0.021118750000000075 0.023328888888888906
0 0.8374025 0.7309022222222222 0.018051250000000074 0.037191111111111
0 0.43164125000000003 0.22851555555555553 0.012626250000000061 0.03594222222222222
0 0.4646 0.18902000000000002 0.02014125 0.02442666666666667
0 0.43945375000000003 0.1860888888888889 0.018722499999999975 0.024806666666666644
0 0.78222625 0.1803377777777778 0.02136249999999995 0.02720888888888891
0 0.84912125 0.20084666666666667 0.023193749999999902 0.02520000000000004
0 0.8471675000000001 0.18120666666666665 0.023071249999999877 0.024062222222222207
0 0.45849625 0.22743111111111114 0.01287125 0.037406666666666685
0 0.44384750000000006 0.22808222222222221 0.011825000000000085 0.03727111111111113
0 0.48608375000000004 0.23025111111111116 0.01272625000000005 0.03366444444444442
0 0.76464875 0.19672222222222221 0.016220000000000123 0.03393555555555558
0 0.48559625 0.20019555555555557 0.013168750000000062 0.03412444444444443
0 0.5024412500000001 0.19813333333333336 0.013740000000000085 0.03586222222222219
0 0.51171875 0.20833333333333334 0.013953749999999987 0.03643111111111116
0 0.8857425 0.8407111111111111 0.03622375000000022 0.08669777777777792