0 0.8039562499999999 0.13898847457627117 0.028012499999999996 0.029027796610169476
0 0.7214375 0.13400949152542374 0.026306249999999975 0.03257491525423729
0 0.6838375 0.13792542372881356 0.026700000000000168 0.03169627118644065
0 0.76843125 0.13581016949152544 0.028012499999999996 0.029027796610169476
0 0.7860125 0.16027118644067798 0.029649999999999954 0.028919322033898347
0 0.70141875 0.1619742372881356 0.02810625 0.029136271186440698
0 0.5776375 0.1417328813559322 0.02551250000000005 0.029374915254237282
0 0.546875 0.14248135593220337 0.02493125000000007 0.030036610169491516
0 0.07079999999999997 0.1419498305084746 0.02975625000000015 0.029581016949152536
0 0.48925624999999995 0.1726698305084746 0.01994375000000015 0.04295593220338987
0 0.32128749999999995 0.13675389830508475 0.025556249999999947 0.03262915254237285
0 0.2963875 0.1560406779661017 0.01949999999999985 0.043378983050847475
0 0.58764375 0.1861206779661017 0.015600000000000058 0.04661152542372876
0 0.5202625 0.15666983050847458 0.01953125 0.04361762711864406
0 0.32715000000000005 0.17913491525423728 0.018618749999999906 0.045732881355932176
0 0.37353749999999997 0.17913491525423728 0.01596249999999988 0.045656949152542425
0 0.3667 0.13675389830508475 0.026062499999999877 0.03294372881355933
0 0.5105 0.20900881355932205 0.017581250000000104 0.042879999999999974
0 0.52075 0.19470101694915257 0.018156250000000096 0.044702372881355895
0 0.046875 0.9440677966101695 0.05078125 0.11186440677966102
0 0.50024375 0.15031322033898303 0.016843750000000046 0.0459172881355932
0 0.15136875000000005 0.13675389830508475 0.02784999999999993 0.030741694915254223
0 0.06738124999999995 0.16842847457627122 0.029875000000000096 0.029374915254237282
0 0.5734875 0.1861206779661017 0.015774999999999872 0.04653559322033896
0 0.55395625 0.18644610169491524 0.015306249999999855 0.04751186440677968
0 0.3461937500000001 0.1583728813559322 0.016462500000000047 0.043964745762711865
0 0.17431875000000008 0.1555091525423729 0.017912499999999998 0.04435525423728814
0 0.10840000000000005 0.13824 0.0280625000000001 0.03235796610169489
0 0.0205078125 0.9440677966101695 0.041015625 0.11186440677966102
0 0.09765625 0.17818033898305083 0.018124999999999947 0.04453966101694916
0 0.078125 0.19714169491525424 0.03180000000000005 0.027487457627118603
0 0.12988124999999995 0.1583728813559322 0.01934999999999998 0.047164745762711874
0 0.11474374999999992 0.18135864406779661 0.02071875000000012 0.045472542372881355
0 0.08691249999999995 0.8097410169491526 0.02365000000000017 0.04644881355932188
0 0.11328125 0.8420338983050848 0.02499999999999991 0.03796610169491522
0 0.13632499999999992 0.816271186440678 0.02109374999999991 0.06508474576271182