0 0.539792 0.1456136943231441 0.018159999999999954 0.03974372052401744
0 0.493656 0.16840104803493453 0.014615999999999962 0.04759587772925764
0 0.519288 0.1858582358078603 0.015368000000000048 0.04677310043668121
0 0.21923999999999988 0.1393355458515284 0.019168000000000074 0.04251612227074237
0 0.3999039999999999 0.1757702707423581 0.013792000000000026 0.05428541484716156
0 0.393552 0.1416428995633188 0.018904000000000032 0.047417013100436695
0 0.734128 0.15611304803493453 0.021823999999999844 0.032553362445414825
0 0.748048 0.14219737991266376 0.021208000000000116 0.04180066375545856
0 0.574216 0.18231671615720524 0.012431999999999999 0.05881068995633187
0 0.33642399999999995 0.15884967685589518 0.015776000000000012 0.05618137991266372
0 0.6806639999999999 0.1406949170305677 0.02071999999999985 0.04493079475982533
0 0.14990400000000004 0.14219737991266376 0.02076800000000012 0.04106731877729257
0 0.1816399999999999 0.1360623231441048 0.01771199999999995 0.036953432314410485
0 0.666256 0.15611304803493453 0.02071999999999985 0.030371213973799095
0 0.3569359999999999 0.1401404366812227 0.018344000000000138 0.04564625327510921
0 0.650632 0.1427339737991266 0.020064000000000082 0.04060227074235804
0 0.17235999999999996 0.17358812227074236 0.016224000000000238 0.05267563318777292
0 0.23730399999999996 0.15638134497816594 0.014952000000000076 0.051065851528384276
0 0.37695200000000006 0.1611570305676856 0.014063999999999854 0.05376670742358082
0 0.144528 0.16362536244541487 0.01967999999999992 0.04267710043668121
0 0.20067999999999997 0.15775860262008737 0.015839999999999854 0.054410620087336235
0 0.15283199999999997 0.1862696244541485 0.021863999999999884 0.03782986899563323
0 0.18603199999999998 0.1757702707423581 0.015487999999999946 0.054178096069869
0 0.3618159999999999 0.1761816593886463 0.014736000000000082 0.055752104803493484
0 0.13818399999999997 0.8062144279475983 0.026608000000000187 0.03960062882096059
0 0.06396800000000002 0.8837343580786028 0.03161600000000009 0.17179947598253278
0 0.04052800000000001 0.8837343580786027 0.03454399999999991 0.16961732751091713
0 0.11083999999999994 0.777292017467249 0.021208000000000116 0.0580236855895196
0 0.16113600000000006 0.777292017467249 0.020968000000000098 0.059597694323144136
0 0.565336 0.1438429344978166 0.017336000000000018 0.03725750218340614
0 0.518 0.1483145502183406 0.013336000000000015 0.03428834934497814
0 0.503664 0.14681208733624454 0.011336000000000013 0.04323158078602618
0 0.510664 0.1885590917030568 0.01200000000000001 0.028314270742358098
0 0.5616639999999999 0.17439301310043667 0.012664000000000009 0.03875996506550222
0 0.545664 0.17439301310043667 0.015336000000000016 0.0417291179039301
0 0.715664 0.13786885589519654 0.023336000000000023 0.04323158078602618