0 0.460208 0.1456136943231441 0.018160000000000065 0.03974372052401744
0 0.506344 0.16840104803493453 0.014615999999999962 0.04759587772925764
0 0.48071200000000003 0.1858582358078603 0.015368000000000048 0.04677310043668121
0 0.7807600000000001 0.1393355458515284 0.019168000000000074 0.04251612227074237
0 0.6000960000000001 0.1757702707423581 0.013792000000000026 0.05428541484716156
0 0.606448 0.1416428995633188 0.018904000000000032 0.047417013100436695
0 0.265872 0.15611304803493453 0.021823999999999955 0.032553362445414825
0 0.251952 0.14219737991266376 0.021208000000000005 0.04180066375545856
0 0.42578400000000005 0.18231671615720524 0.012431999999999999 0.05881068995633187
0 0.663576 0.15884967685589518 0.015776000000000012 0.05618137991266372
0 0.319336 0.1406949170305677 0.02071999999999996 0.04493079475982533
0 0.850096 0.14219737991266376 0.02076800000000012 0.04106731877729257
0 0.8183600000000001 0.1360623231441048 0.01771199999999995 0.036953432314410485
0 0.33374400000000004 0.15611304803493453 0.02071999999999996 0.030371213973799095
0 0.6430640000000001 0.1401404366812227 0.018344000000000138 0.04564625327510921
0 0.349368 0.1427339737991266 0.020064000000000082 0.04060227074235804
0 0.82764 0.17358812227074236 0.016224000000000238 0.05267563318777292
0 0.762696 0.15638134497816594 0.014952000000000076 0.051065851528384276
0 0.6230479999999999 0.1611570305676856 0.014063999999999854 0.05376670742358082
0 0.855472 0.16362536244541487 0.01967999999999992 0.04267710043668121
0 0.79932 0.15775860262008737 0.015839999999999854 0.054410620087336235
0 0.847168 0.1862696244541485 0.021863999999999884 0.03782986899563323
0 0.813968 0.1757702707423581 0.015487999999999946 0.054178096069869
0 0.6381840000000001 0.1761816593886463 0.014736000000000082 0.055752104803493484
0 0.861816 0.8062144279475983 0.026608000000000187 0.03960062882096059
0 0.936032 0.8837343580786028 0.03161600000000009 0.17179947598253278
0 0.959472 0.8837343580786027 0.03454399999999991 0.16961732751091713
0 0.8891600000000001 0.777292017467249 0.021208000000000116 0.0580236855895196
0 0.8388639999999999 0.777292017467249 0.020968000000000098 0.059597694323144136
0 0.43466400000000005 0.1438429344978166 0.017336000000000018 0.03725750218340614
0 0.48200000000000004 0.1483145502183406 0.013336000000000015 0.03428834934497814
0 0.496336 0.14681208733624454 0.011336000000000013 0.04323158078602618
0 0.489336 0.1885590917030568 0.01200000000000001 0.028314270742358098
0 0.438336 0.17439301310043667 0.012663999999999898 0.03875996506550222
0 0.45433599999999996 0.17439301310043667 0.015336000000000016 0.0417291179039301
0 0.28433600000000003 0.13786885589519654 0.023336000000000023 0.04323158078602618