0 0.8243685222476307 0.5596875171920559 0.03075599849824218 0.024143540895480237
0 0.7804480243921862 0.16768695132781614 0.026241623718670642 0.025230000235776755
0 0.7882389615117693 0.23471545673889294 0.027799811142587182 0.02670879211562496
0 0.7825741492883714 0.197524343951147 0.024639748796887236 0.02822782323029891
0 0.8286062095407124 0.6066567640424712 0.030872498492553718 0.027010586376818385
0 0.7903650864079547 0.41047037464928204 0.03589656074723827 0.018409449932803607
0 0.7691183999453906 0.25171653345279354 0.024916436283376857 0.029766973962385763
0 0.7627545877561235 0.18334001367505243 0.02434849881110855 0.031265885459646814
0 0.7811615868573443 0.441293628525845 0.03831393562920212 0.018801782472355234
0 0.7847002741845569 0.5518609860184377 0.040862373004766896 0.01902309826389722
0 0.7974570235616688 0.4297952671743726 0.035692685757193 0.022332775328319225
0 0.7889525239769275 0.26614229913784293 0.026489186206582784 0.027272141403186175
0 0.7570752130334367 0.4107118100582368 0.04001774804600833 0.019646806403696922
0 0.7981560235275378 0.38796658257295324 0.026693061196627732 0.025521734688263815
0 0.8512800209335928 0.795992423706568 0.03237243591931465 0.027966268203931176
0 0.805946960647121 0.5792538451261012 0.03963912306449591 0.019948600664890404
0 0.8293197720058704 0.7671207727190562 0.041561372970636126 0.020260454734790535
0 0.7478717134828263 0.42025856852065796 0.03850324811995865 0.020451591100213027
0 0.7953308986654835 0.3598292976210124 0.02860074860347921 0.024143540895480126
0 0.7599149003947803 0.34834099607824637 0.03615868573443915 0.018409449932803607
0 0.06953593410469071 0.9085113840882119 0.09800562021456932 0.018409449932803496
0 0.8576438331228596 0.8483336084062275 0.032518060912203994 0.029364581614127715
0 0.7620410252909654 0.3794056853637642 0.03639168572306223 0.019234354246732557
0 0.7606284628599383 0.36056366365658327 0.035503373266436794 0.018198193949968158
0 0.812325335335677 0.6311121590078513 0.04140118547845772 0.018127775289022968
0 0.8349845842292682 0.820447818671948 0.04242056042868376 0.019304772907677743
0 0.7903650864079547 0.5993131036867627 0.043396247881042606 0.018127775289022968
0 0.8151504601977314 0.8375696130903261 0.04424087283980118 0.019676985829816192
0 0.8590709580531758 0.895795785883259 0.03146956096340015 0.030169366310643816
0 0.18147786613877606 0.8400242064146998 0.02822212362196663 0.030440981145717808
0 0.20573898995415088 0.8737748646248399 0.04526024779002698 0.02073326574399344
0 0.805946960647121 0.8869833934564088 0.027537686155386626 0.031205526607407996
0 0.21211736464270678 0.8116454860538043 0.042842872908062886 0.020109557604193626
0 0.8187037100242329 0.8586147329042195 0.04665824772176503 0.020139737030313007
0 0.8349845842292682 0.9001919222879777 0.031717123451312286 0.029877631858156756
0 0.06612830927107864 0.9363971738224915 0.09852987018897116 0.022362954754438495