0 0.12140229885057473 0.08189456786758137 0.04239080459770114 0.14130340890160978
0 0.6845670498084292 0.8058264201232717 0.024045977011494246 0.03424033437826543
0 0.7680689655172415 0.805330183393152 0.024383141762452043 0.034364393560795375
0 0.7509731800766284 0.831522178304787 0.02541762452107288 0.03157306195387147
0 0.7866206896551724 0.8310259415746672 0.025226053639846757 0.03073566247179439
0 0.6674789272030651 0.8325146517650266 0.026000000000000023 0.03270510199445715
0 0.4780306513409962 0.803360743870489 0.018536398467433046 0.05184123089970166
0 0.540528735632184 0.7860699953053776 0.015900383141762564 0.04511102024745201
0 0.36840613026819924 0.7979176472369875 0.01659003831417627 0.04838308118667954
0 0.532712643678161 0.8305297048445475 0.02372413793103445 0.03717123256553544
0 0.1788352490421456 0.8260945890691018 0.015716475095785443 0.048755258734269384
0 0.08789272030651342 0.781123135401996 0.026061302681992332 0.033961201217573
0 0.7026360153256705 0.8344840912876895 0.02670498084291184 0.02654866506140853
0 0.2944367816091954 0.82164396589584 0.017180076628352414 0.04912743628185922
0 0.32495019157088123 0.7989101206972271 0.016842911877394617 0.04759220389805116
0 0.12359386973180077 0.7984138839671074 0.018536398467432963 0.04554522738630671
0 0.4982911877394636 0.7608704738539821 0.015126436781609187 0.045979434525161636
0 0.10876628352490422 0.8018720336801297 0.019501915708812267 0.0452660942256145
0 0.5624980842911877 0.831522178304787 0.023379310344827653 0.03662847364196673
0 0.5082988505747127 0.7766725122287341 0.017302681992337143 0.04588639013826423
0 0.07610727969348659 0.8122464828191964 0.026551724137931026 0.033077279542046985
0 0.13537931034482759 0.8260945890691018 0.017517241379310378 0.04934453985128635
0 0.34203831417624525 0.8186820529129374 0.014452107279693482 0.050864264837278246
0 0.5732413793103449 0.7865662320354975 0.016099616858237464 0.04759220389805116
0 0.3605977011494253 0.839927187921191 0.02351724137931044 0.03073566247179439
0 0.15380842911877396 0.8433853376342132 0.02606130268199236 0.030611603289264443
0 0.4880383141762452 0.8246058788787425 0.017103448275862076 0.04759220389805116
0 0.5595708812260537 0.7865662320354975 0.015839080459770116 0.04768524828494834
0 0.11261302681992338 0.8433853376342132 0.028061302681992348 0.0317126285342178
0 0.5092796934865901 0.8186820529129374 0.018429118773946263 0.04953062862508138
0 0.3161609195402299 0.839927187921191 0.02470498084291184 0.03085972165432456
0 0.07763984674329502 0.8404079172534946 0.027632183908045976 0.032581042811927426
0 0.145632183908046 0.213691941907834 0.01960919540229883 0.05486517347386913
0 0.16997701149425287 0.18539094089318978 0.02368582375478928 0.04087750064361756
0 0.18713409961685826 0.2122032317174746 0.018934865900383124 0.0507712204503809
0 0.08986206896551724 0.07330346947738253 0.026475095785440605 0.12970387533505975