0 0.8785977011494253 0.08189456786758137 0.04239080459770106 0.14130340890160978
0 0.3154329501915708 0.8058264201232717 0.024045977011494246 0.03424033437826543
0 0.23193103448275854 0.805330183393152 0.024383141762452043 0.034364393560795375
0 0.2490268199233716 0.831522178304787 0.02541762452107288 0.03157306195387147
0 0.2133793103448276 0.8310259415746672 0.025226053639846757 0.03073566247179439
0 0.3325210727969349 0.8325146517650266 0.026000000000000023 0.03270510199445715
0 0.5219693486590038 0.803360743870489 0.018536398467432935 0.05184123089970166
0 0.45947126436781605 0.7860699953053776 0.015900383141762564 0.04511102024745201
0 0.6315938697318008 0.7979176472369875 0.01659003831417638 0.04838308118667954
0 0.46728735632183904 0.8305297048445475 0.02372413793103445 0.03717123256553544
0 0.8211647509578544 0.8260945890691018 0.015716475095785443 0.048755258734269384
0 0.9121072796934866 0.781123135401996 0.02606130268199225 0.033961201217573
0 0.29736398467432945 0.8344840912876895 0.02670498084291184 0.02654866506140853
0 0.7055632183908046 0.82164396589584 0.017180076628352525 0.04912743628185922
0 0.6750498084291188 0.7989101206972271 0.016842911877394506 0.04759220389805116
0 0.8764061302681992 0.7984138839671074 0.018536398467432935 0.04554522738630671
0 0.5017088122605364 0.7608704738539821 0.015126436781609076 0.045979434525161636
0 0.8912337164750957 0.8018720336801297 0.019501915708812323 0.0452660942256145
0 0.43750191570881225 0.831522178304787 0.023379310344827653 0.03662847364196673
0 0.4917011494252873 0.7766725122287341 0.0173026819923372 0.04588639013826423
0 0.9238927203065134 0.8122464828191964 0.026551724137930943 0.033077279542046985
0 0.8646206896551725 0.8260945890691018 0.017517241379310322 0.04934453985128635
0 0.6579616858237547 0.8186820529129374 0.014452107279693482 0.050864264837278246
0 0.4267586206896551 0.7865662320354975 0.016099616858237464 0.04759220389805116
0 0.6394022988505748 0.839927187921191 0.023517241379310327 0.03073566247179439
0 0.846191570881226 0.8433853376342132 0.02606130268199225 0.030611603289264443
0 0.5119616858237548 0.8246058788787425 0.017103448275862076 0.04759220389805116
0 0.4404291187739463 0.7865662320354975 0.015839080459770116 0.04768524828494834
0 0.8873869731800766 0.8433853376342132 0.02806130268199225 0.0317126285342178
0 0.4907203065134099 0.8186820529129374 0.018429118773946263 0.04953062862508138
0 0.68383908045977 0.839927187921191 0.02470498084291184 0.03085972165432456
0 0.922360153256705 0.8404079172534946 0.027632183908046004 0.032581042811927426
0 0.854367816091954 0.213691941907834 0.019609195402298774 0.05486517347386913
0 0.8300229885057471 0.18539094089318978 0.023685823754789226 0.04087750064361756
0 0.8128659003831418 0.2122032317174746 0.01893486590038318 0.0507712204503809
0 0.9101379310344828 0.07330346947738253 0.026475095785440494 0.12970387533505975