0 0.17541924095322153 0.6769911986208149 0.01737864077669904 0.03506429873547187
0 0.26098852603706973 0.7167011737921819 0.0210414827890556 0.0344096806922321
0 0.1960458958517211 0.6793245951942986 0.017246248896734373 0.03641576824409594
0 0.3911120917917035 0.7476688305796373 0.01744042365401588 0.033565012249342094
0 0.4245631067961165 0.740066814593627 0.017775816416593093 0.03256196847341017
0 0.5747043248014122 0.7850454091775206 0.028102383053839386 0.030650906121371585
0 0.14892321270962047 0.6547869769283434 0.03301853486319506 0.022109196492646234
0 0.4699735216240071 0.7511636462620949 0.01737864077669904 0.03486368998028543
0 0.6367166813768755 0.7914754476990209 0.0200970873786408 0.03207628411874851
0 0.5825154457193292 0.8025722793674885 0.02855251544571935 0.030809281454413494
0 0.6240247131509268 0.8183359041829236 0.0292497793468669 0.01887833969859217
0 0.41259488084730805 0.7698624939165726 0.02759046778464258 0.02159183707137624
0 0.45727272727272733 0.78213130304955 0.027846425419240872 0.02078940205063076
0 0.20947043248014124 0.7038516551047174 0.0179170344218888 0.03478978149153285
0 0.6064430714916152 0.7768732419925597 0.02461606354810253 0.02944725359025349
0 0.4414033539276258 0.7599270813570788 0.02108561341571058 0.032931510917174715
0 0.6689496910856134 0.799066905329495 0.015489849955869328 0.029721770834192786
0 0.13171226831421007 0.675238511601818 0.03247131509267431 0.021718537337809558
0 0.5976522506619594 0.7634324553950722 0.026257722859664545 0.029827354389553706
0 0.1314739629302736 0.6974321749387533 0.03278022947925857 0.020388184540257884
0 0.17810238305383935 0.7120343806452145 0.03173874669020299 0.020631026717588583
0 0.6552691968225949 0.7961422408459883 0.017987643424536737 0.030175780122245855
0 0.6494174757281553 0.8253466522589108 0.02954104148278902 0.0184560054771469
0 0.8295939982347749 0.8709059563972912 0.023512797881729997 0.018952248187344763
0 0.7392586054721978 0.8487122930603559 0.030626654898499694 0.019765241563626443
0 0.7680670785525155 0.8574757281553399 0.026857899382171313 0.020462093029010742
0 0.7524448367166814 0.8358627743728914 0.033662842012356586 0.018529913965899758
0 0.8007855251544572 0.8627337892123301 0.027952338923212805 0.019089506809314274
0 0.6044924977934687 0.8031529889219754 0.022674315975286907 0.02944725359025349
0 0.8154280670785525 0.8510562479893756 0.030962047661076797 0.01702006912423378
0 0.2519505736981465 0.18165650699903493 0.01737864077669904 0.0385485560623933
0 0.22985878199470433 0.7248838993326788 0.031368049426301836 0.022109196492646234
0 0.28638128861429835 0.17654626291955028 0.02759046778464258 0.028021875592876434
0 0.30663724624889677 0.20765117832897526 0.016098852603707026 0.04055464361425713
0 0.24633715798764344 0.06143907086471282 0.04046778464254197 0.10718842540274351
0 0.22033539276257721 0.052643960703120496 0.03488084730803176 0.10273279936649866