0 0.5114705882352941 0.19488652153774896 0.02706801470588238 0.028559518295507163
0 0.6015625 0.3110236220472441 0.02706801470588238 0.021574803149606258
0 0.6435569852941176 0.37131079203334877 0.026700367647058743 0.018916164891153227
0 0.4379871323529412 0.1601852709587772 0.025863970588235308 0.027438628994905047
0 0.6157261029411765 0.34128763316350164 0.026553308823529242 0.02246410375173696
0 0.4643566176470588 0.17211672070402964 0.026305147058823364 0.023603520148216785
0 0.4760753676470588 0.18750347383047708 0.02937499999999993 0.024094488188976394
0 0.6215808823529412 0.31717461787864754 0.02711397058823528 0.025419175544233487
0 0.6315900735294118 0.345715609078277 0.030101102941176627 0.020074108383510866
0 0.48144301470588236 0.160064844835572 0.026856617647058822 0.02686428902269571
0 0.45458639705882353 0.13053265400648448 0.022205882352941186 0.027438628994905047
0 0.6486856617647059 0.3491616489115331 0.02692095588235288 0.023649837887911043
0 0.4409191176470588 0.13718388142658638 0.02722426470588224 0.026113941639647958
0 0.22265625 0.49827698008337196 0.02752757352941182 0.029708198239925727
0 0.25683823529411776 0.5007410838351088 0.030275735294117645 0.02676238999536828
0 0.86328125 0.589569245020843 0.02727022058823536 0.02133395090319599
0 0.5219761029411765 0.2229365446966188 0.02965073529411777 0.02100972672533583
0 0.8221415441176471 0.5437980546549328 0.02711397058823528 0.021130152848541018
0 0.21142463235294118 0.4611208893006021 0.030376838235294024 0.027021769337656362
0 0.11621323529411776 0.48744789254284393 0.05080882352941174 0.06077813802686429
0 0.14208639705882353 0.5044279759147754 0.056029411764705994 0.05825845298749426
0 0.8293106617647059 0.5690504863362668 0.026259191176470686 0.015877721167207145
0 0.8483455882352942 0.5670588235294117 0.022325367647058947 0.022501157943492257
0 0.8706709558823529 0.6100694766095415 0.02757352941176472 0.01323761000463182
0 0.8857628676470588 0.6120518758684577 0.018382352941176405 0.0198517832329783
0 0.7137591911764706 0.4406762389995368 0.02888786764705875 0.018527095877721212
0 0.719016544117647 0.47111625752663266 0.018382352941176627 0.015877721167207034
0 0.7314889705882353 0.4406762389995368 0.017068014705882373 0.026465956461324786
0 0.7393658088235294 0.4565632237146827 0.017068014705882373 0.02117647058823528
0 0.7538051470588235 0.4678091709124595 0.024944852941176432 0.01985178323297819
0 0.7511856617647059 0.48633626679018066 0.024944852941176432 0.02250115794349237
0 0.7715349264705882 0.4836868920796665 0.015753676470588118 0.017202408522464012
0 0.7610294117647058 0.5008893006021307 0.026259191176470686 0.017202408522464012
0 0.76890625 0.5088374247336729 0.021011029411764692 0.017202408522464123