0 0.7989496717724289 0.14318995233955817 0.026061269146608446 0.027765754423828247
0 0.05469000729394602 0.9349296084250073 0.040525164113785594 0.10574263361410055
0 0.7182640408460977 0.14061928599262613 0.025127644055433995 0.028763326439055575
0 0.7633041575492341 0.14372710650160364 0.02595185995623628 0.02866101136057073
0 0.031247264770240646 0.9349296084250073 0.04418672501823484 0.10771219887493388
0 0.6816411378555798 0.14448168020542948 0.025083880379285217 0.029210954907426867
0 0.7816192560175055 0.16717004885944667 0.025557986870897054 0.02735649410988876
0 0.6994602479941648 0.16780951809997702 0.025805981035740277 0.02704954887443422
0 0.3066374908825674 0.1565676488514533 0.017913931436907227 0.04233286372310983
0 0.5781254558716266 0.1455431991447099 0.024748358862144437 0.028328487355494952
0 0.5480962800875273 0.1462977728485357 0.02377097009482121 0.028098278428904024
0 0.37499635302698764 0.13784398948872437 0.024427425237053324 0.03057941908216178
0 0.3305689277899344 0.13784398948872437 0.023909555069292487 0.030131790613790538
0 0.38134938001458796 0.1796908565890311 0.015835156819839602 0.043560644664928136
0 0.5236834427425237 0.19606126914660835 0.017636761487965114 0.04283164973072349
0 0.5886214442013129 0.18932126335141833 0.01455871626549965 0.04324091004466293
0 0.4931655725747629 0.17315548095081082 0.018344274252370507 0.0437141172826554
0 0.08447118891320204 0.13816372410898956 0.028760029175783908 0.029326059370722333
0 0.3359372720641868 0.17905138734850076 0.016659372720641885 0.04339438266239025
0 0.5244128373450037 0.15999520398069603 0.017636761487965114 0.0415527112496628
0 0.5039095550692925 0.1546492411298622 0.017045951859956165 0.04422569267507969
0 0.18749817651349376 0.1557107600691426 0.016849015317286664 0.04324091004466293
0 0.5563967906637491 0.18739006624501667 0.015251641137855598 0.043637380973791745
0 0.16455142231947473 0.13570816222535295 0.025419401896425997 0.029543478912502596
0 0.5754412837345003 0.18932126335141833 0.01501823486506182 0.04398269436367814
0 0.35498176513493795 0.16053235814274153 0.015127644055433986 0.043560644664928136
0 0.12109409190371989 0.13517100806330745 0.02456601021152438 0.03141072909485127
0 0.11230488694383667 0.17412747419641697 0.019985412107950573 0.04283164973072349
0 0.14355215171407731 0.1551736059070971 0.01743982494529539 0.04481400437636763
0 0.0800802334062728 0.16364017865171906 0.02821298322392396 0.030234105692275432
0 0.5148942377826404 0.2108330086028596 0.017520058351568224 0.043317646353526584
0 0.1284172137126185 0.17754223994084908 0.018264040846097673 0.04347111897125386
0 0.09033552151714075 0.19167451015657005 0.029037199124726465 0.026832129332653908
0 0.0952151714077315 0.7996562852832149 0.021334792122538193 0.04647662440174652
0 0.12256017505470451 0.8296218138944675 0.0276367614879649 0.03295824465693469
0 0.14550692924872355 0.7992342355844648 0.022246535375638254 0.04491631945485238