0 0.2010503282275711 0.14318995233955817 0.026061269146608335 0.027765754423828247
0 0.945309992706054 0.9349296084250073 0.040525164113785594 0.10574263361410055
0 0.28173595915390226 0.14061928599262613 0.025127644055433995 0.028763326439055575
0 0.23669584245076586 0.14372710650160364 0.025951859956236334 0.02866101136057073
0 0.9687527352297594 0.9349296084250073 0.04418672501823484 0.10771219887493388
0 0.31835886214442016 0.14448168020542948 0.025083880379285217 0.029210954907426867
0 0.21838074398249452 0.16717004885944667 0.02555798687089711 0.02735649410988876
0 0.30053975200583516 0.16780951809997702 0.025805981035740277 0.02704954887443422
0 0.6933625091174326 0.1565676488514533 0.017913931436907227 0.04233286372310983
0 0.42187454412837344 0.1455431991447099 0.024748358862144437 0.028328487355494952
0 0.45190371991247263 0.1462977728485357 0.02377097009482121 0.028098278428904024
0 0.6250036469730124 0.13784398948872437 0.024427425237053324 0.03057941908216178
0 0.6694310722100656 0.13784398948872437 0.023909555069292487 0.030131790613790538
0 0.618650619985412 0.1796908565890311 0.015835156819839602 0.043560644664928136
0 0.4763165572574763 0.19606126914660835 0.017636761487965003 0.04283164973072349
0 0.4113785557986871 0.18932126335141833 0.01455871626549965 0.04324091004466293
0 0.5068344274252371 0.17315548095081082 0.018344274252370563 0.0437141172826554
0 0.915528811086798 0.13816372410898956 0.028760029175783908 0.029326059370722333
0 0.6640627279358132 0.17905138734850076 0.016659372720641885 0.04339438266239025
0 0.47558716265499634 0.15999520398069603 0.017636761487965003 0.0415527112496628
0 0.49609044493070753 0.1546492411298622 0.017045951859956165 0.04422569267507969
0 0.8125018234865062 0.1557107600691426 0.016849015317286664 0.04324091004466293
0 0.44360320933625086 0.18739006624501667 0.015251641137855598 0.043637380973791745
0 0.8354485776805253 0.13570816222535295 0.025419401896425997 0.029543478912502596
0 0.4245587162654997 0.18932126335141833 0.01501823486506193 0.04398269436367814
0 0.645018234865062 0.16053235814274153 0.015127644055433986 0.043560644664928136
0 0.8789059080962801 0.13517100806330745 0.02456601021152438 0.03141072909485127
0 0.8876951130561633 0.17412747419641697 0.019985412107950573 0.04283164973072349
0 0.8564478482859227 0.1551736059070971 0.01743982494529539 0.04481400437636763
0 0.9199197665937272 0.16364017865171906 0.02821298322392396 0.030234105692275432
0 0.4851057622173596 0.2108330086028596 0.017520058351568224 0.043317646353526584
0 0.8715827862873815 0.17754223994084908 0.018264040846097673 0.04347111897125386
0 0.9096644784828593 0.19167451015657005 0.029037199124726465 0.026832129332653908
0 0.9047848285922685 0.7996562852832149 0.021334792122538193 0.04647662440174652
0 0.8774398249452955 0.8296218138944675 0.0276367614879649 0.03295824465693469
0 0.8544930707512765 0.7992342355844648 0.022246535375638254 0.04491631945485238