0 0.10486149584487534 0.7571681576676808 0.027222991689750703 0.03659052722401354
0 0.09124653739612187 0.7894428045956133 0.027804709141274225 0.03535534262749194
0 0.49755540166204987 0.79149175786749 0.016523545706371157 0.051165705462967226
0 0.7812534626038782 0.805834430770628 0.023379501385041745 0.03659052722401354
0 0.7656232686980609 0.8324853548885155 0.025422437673130238 0.03390218427864301
0 0.5522437673130194 0.8232577993733254 0.02328254847645428 0.041298760274283634
0 0.7998060941828256 0.8319622178829299 0.023649584487534625 0.03175150992234677
0 0.7011703601108034 0.8037854774987512 0.024473684210526425 0.03675037464238679
0 0.6845706371191136 0.8299132646110531 0.025422437673130238 0.032972162935379856
0 0.3129916897506925 0.8084065210480904 0.017042936288088617 0.051165705462967226
0 0.7207063711911358 0.8329939603106126 0.023725761772853238 0.027421098042777262
0 0.5175761772853186 0.7515299032741474 0.01678670360110801 0.05135461604831751
0 0.591308864265928 0.7797066436583261 0.01678670360110801 0.051834158303437725
0 0.5820290858725762 0.8247981472231053 0.023912742382271368 0.041051723354979267
0 0.12493767313019391 0.7812469915081058 0.01912049861495846 0.04924753644248683
0 0.5786149584487534 0.7797066436583261 0.016662049861495776 0.05273511647972384
0 0.5283171745152354 0.7663957131828709 0.01610110803324094 0.04792516234503435
0 0.5278324099722992 0.8099323373143817 0.0169806094182825 0.05065710004086997
0 0.09137119113573407 0.8201916352572544 0.02816481994459835 0.03496298987330261
0 0.5600554016620499 0.778689432814132 0.016724376731301893 0.05017755778574999
0 0.508303324099723 0.8160791971300123 0.01777700831024931 0.05084601062622049
0 0.3435041551246537 0.7838045502020798 0.017243767313019354 0.052124789973207186
0 0.13964681440443213 0.7771490849643522 0.01718144044321329 0.04924753644248683
0 0.1279293628808864 0.8237664047954226 0.027957063711911367 0.03442532128422879
0 0.388185595567867 0.7848362926297625 0.015602493074792223 0.05222651105762682
0 0.15148891966759004 0.804817219926434 0.017576177285318573 0.049334725943417715
0 0.3349584487534626 0.8273557059170792 0.02484072022160666 0.03442532128422879
0 0.19482686980609418 0.8073747786204077 0.015837950138504142 0.05084601062622049
0 0.3608379501385041 0.804817219926434 0.014175900277008324 0.054144680078107216
0 0.1695567867036011 0.8258153580672993 0.02707063711911356 0.033364515689569184
0 0.3793975069252078 0.8283874483447617 0.025131578947368394 0.03273965759956401
0 0.2044667590027701 0.18084555651423642 0.02017313019390582 0.039990917760319725
0 0.14172437673130195 0.07953135643249624 0.03521468144044322 0.1402443122474002
0 0.2208240997229917 0.2072203805458426 0.017042936288088673 0.049785205031560774
0 0.18066481994459835 0.20620316970164845 0.017714681440443247 0.05231370055855777
0 0.16412742382271467 0.0835566050588075 0.03185595567867039 0.14967530993142908