0 0.24586616551446405 0.3168927444794952 0.030527328456048587 0.021695583596214485
0 0.2316811717415785 0.376711356466877 0.03300922507849138 0.023651419558359588
0 0.22753831353334678 0.48681388012618293 0.03507110842636729 0.02148264984227133
0 0.26122528730489 0.35644321766561515 0.032761035416247156 0.02360410094637222
0 0.22281316419446498 0.18432965299684542 0.021277490659328425 0.027066246056782317
0 0.2145369935342417 0.32324132492113566 0.022499347458069495 0.027910094637223937
0 0.22931382419401755 0.15441640378548896 0.02151613456533249 0.030559936908517327
0 0.19149353797048277 0.49438485804416404 0.027339045871833504 0.028170347003154572
0 0.24704029353200443 0.30004731861198736 0.030937795974375577 0.021869085173501612
0 0.1861670059884706 0.5444321766561514 0.028016794564885043 0.02998422712933757
0 0.248223967305785 0.28662460567823345 0.02995458308163857 0.020488958990536266
0 0.21512883042113187 0.3659700315457413 0.03171100222982901 0.027586750788643588
0 0.2411314704193421 0.20227129337539432 0.019482888486177335 0.03354100946372235
0 0.21631250419491244 0.29736593059936905 0.021439768515411187 0.026458990536277538
0 0.22162949042068458 0.34545741324921136 0.032140561260636594 0.021656151419558345
0 0.2074444966477989 0.5151340694006309 0.034555637589398246 0.023288643533122988
0 0.2234050010813552 0.21447949526813878 0.023329828250963903 0.03253154574132494
0 0.24586616551446405 0.14343059936908517 0.01867149920576325 0.033840694006309124
0 0.20153567353513657 0.5698264984227129 0.03560567077581639 0.020417981072555325
0 0.25059131485334585 0.34643533123028386 0.03106189080549769 0.022152996845425932
0 0.15484737976448829 0.8774447949526812 0.03135780924894273 0.03845425867507912
0 0.22281316419446498 0.5361356466876972 0.03601613829414365 0.020449526813880237
0 0.15662289042515903 0.8183596214511041 0.031176439880379908 0.036348580441640355
0 0.8266872497035596 0.8002917981072555 0.03250329999776277 0.03548895899053628
0 0.8067366191616141 0.8403312302839117 0.05008658299214695 0.024274447949526934
0 0.18499287797093023 0.7221687697160883 0.03826893676682254 0.025378548895899078
0 0.1637153873116018 0.7568375394321766 0.030937795974375577 0.033659305993690936
0 0.7931434622756188 0.7690457413249211 0.047986516619310665 0.023470031545741232
0 0.21158735485603064 0.8662145110410093 0.027759059146400384 0.03548895899053628
0 0.19621868730936456 0.8300788643533122 0.04166722598832147 0.024187697160883426
0 0.1790745091020277 0.7846687697160883 0.03937624449068166 0.023817034700315487
0 0.18203369353647905 0.8833044164037854 0.030718243580851838 0.038391167192428854
0 0.200351999761356 0.8056624605678233 0.04188677838184521 0.02306782334384838
0 0.9459041993869834 0.8707965299684542 0.10818205546979295 0.032862776025236684
0 0.9517939309871655 0.9089116719242902 0.09641213802566907 0.02444794952681395
0 0.22997248137458903 0.1248659305993691 0.022270249308305595 0.01839905362776023