0 0.754133834485536 0.3168927444794952 0.030527328456048587 0.021695583596214485
0 0.7683188282584215 0.376711356466877 0.03300922507849138 0.023651419558359588
0 0.7724616864666533 0.48681388012618293 0.03507110842636729 0.02148264984227133
0 0.7387747126951101 0.35644321766561515 0.032761035416247156 0.02360410094637222
0 0.777186835805535 0.18432965299684542 0.021277490659328425 0.027066246056782317
0 0.7854630064657583 0.32324132492113566 0.022499347458069495 0.027910094637223937
0 0.7706861758059824 0.15441640378548896 0.02151613456533249 0.030559936908517327
0 0.8085064620295173 0.49438485804416404 0.027339045871833504 0.028170347003154572
0 0.7529597064679956 0.30004731861198736 0.030937795974375577 0.021869085173501612
0 0.8138329940115294 0.5444321766561514 0.028016794564885043 0.02998422712933757
0 0.751776032694215 0.28662460567823345 0.02995458308163857 0.020488958990536266
0 0.7848711695788682 0.3659700315457413 0.03171100222982901 0.027586750788643588
0 0.7588685295806579 0.20227129337539432 0.019482888486177335 0.03354100946372235
0 0.7836874958050876 0.29736593059936905 0.021439768515411187 0.026458990536277538
0 0.7783705095793154 0.34545741324921136 0.032140561260636594 0.021656151419558345
0 0.792555503352201 0.5151340694006309 0.034555637589398246 0.023288643533122988
0 0.7765949989186448 0.21447949526813878 0.023329828250963903 0.03253154574132494
0 0.754133834485536 0.14343059936908517 0.01867149920576325 0.033840694006309124
0 0.7984643264648634 0.5698264984227129 0.03560567077581639 0.020417981072555325
0 0.7494086851466542 0.34643533123028386 0.03106189080549769 0.022152996845425932
0 0.8451526202355117 0.8774447949526812 0.03135780924894273 0.03845425867507912
0 0.777186835805535 0.5361356466876972 0.03601613829414365 0.020449526813880237
0 0.8433771095748409 0.8183596214511041 0.031176439880379908 0.036348580441640355
0 0.17331275029644047 0.8002917981072555 0.0325032999977627 0.03548895899053628
0 0.19326338083838585 0.8403312302839117 0.05008658299214709 0.024274447949526934
0 0.8150071220290698 0.7221687697160883 0.03826893676682254 0.025378548895899078
0 0.8362846126883982 0.7568375394321766 0.030937795974375577 0.033659305993690936
0 0.20685653772438117 0.7690457413249211 0.047986516619310735 0.023470031545741232
0 0.7884126451439694 0.8662145110410093 0.027759059146400384 0.03548895899053628
0 0.8037813126906355 0.8300788643533122 0.04166722598832147 0.024187697160883426
0 0.8209254908979723 0.7846687697160883 0.03937624449068166 0.023817034700315487
0 0.817966306463521 0.8833044164037854 0.030718243580851838 0.038391167192428854
0 0.799648000238644 0.8056624605678233 0.04188677838184521 0.02306782334384838
0 0.05409580061301654 0.8707965299684542 0.10818205546979291 0.032862776025236684
0 0.04820606901283457 0.9089116719242902 0.09641213802566914 0.02444794952681395
0 0.770027518625411 0.1248659305993691 0.022270249308305595 0.01839905362776023