2 0.7275390625 0.0703125 0.06640625 0.0400390625
2 0.8857421875 0.0732421875 0.0673828125 0.041015625
2 0.720703125 0.1650390625 0.0712890625 0.03515625
2 0.880859375 0.1669921875 0.06640625 0.04296875
2 0.5927734375 0.130859375 0.0400390625 0.052734375
2 0.521484375 0.044921875 0.0908203125 0.025390625
2 0.373046875 0.0888671875 0.0458984375 0.0458984375
2 0.4482421875 0.1748046875 0.0791015625 0.029296875
2 0.1669921875 0.1875 0.08984375 0.0302734375
2 0.0478515625 0.126953125 0.046875 0.0458984375
2 0.2744140625 0.11328125 0.046875 0.0517578125
2 0.1435546875 0.0537109375 0.099609375 0.0302734375
2 0.1279296875 0.2568359375 0.0771484375 0.029296875
2 0.0673828125 0.3408203125 0.0478515625 0.0478515625
2 0.2744140625 0.2958984375 0.0625 0.048828125
2 0.212890625 0.3779296875 0.0888671875 0.03515625
2 0.375 0.3203125 0.0478515625 0.0498046875
2 0.4599609375 0.2412109375 0.080078125 0.0322265625
2 0.58984375 0.2919921875 0.0546875 0.0498046875
2 0.509765625 0.3681640625 0.083984375 0.0322265625
2 0.6943359375 0.3310546875 0.052734375 0.044921875
2 0.7470703125 0.2509765625 0.0771484375 0.037109375
2 0.8994140625 0.2783203125 0.0625 0.0498046875
2 0.84375 0.365234375 0.08203125 0.033203125
2 0.0888671875 0.451171875 0.0751953125 0.0400390625
2 0.078125 0.5380859375 0.064453125 0.0380859375
2 0.2431640625 0.544921875 0.0732421875 0.0380859375
2 0.2470703125 0.45703125 0.072265625 0.0361328125
2 0.4560546875 0.4287109375 0.08203125 0.0263671875
2 0.3779296875 0.5009765625 0.0537109375 0.0498046875
2 0.505859375 0.546875 0.07421875 0.021484375
2 0.5830078125 0.47265625 0.0478515625 0.0439453125
2 0.716796875 0.44140625 0.0634765625 0.0380859375
2 0.875 0.4404296875 0.0625 0.0341796875
2 0.7158203125 0.5283203125 0.0703125 0.0361328125
2 0.875 0.52734375 0.06640625 0.037109375
2 0.099609375 0.626953125 0.07421875 0.0380859375
2 0.26171875 0.6279296875 0.0595703125 0.03515625
2 0.2548828125 0.716796875 0.056640625 0.037109375
2 0.1025390625 0.71484375 0.068359375 0.0380859375
2 0.3779296875 0.6494140625 0.0380859375 0.046875
2 0.49609375 0.59375 0.09375 0.02734375
2 0.595703125 0.6650390625 0.03515625 0.0458984375
2 0.47265625 0.7158203125 0.080078125 0.0205078125
2 0.677734375 0.6611328125 0.04296875 0.048828125
2 0.7783203125 0.595703125 0.0771484375 0.0263671875
2 0.8955078125 0.6494140625 0.0302734375 0.0478515625
2 0.794921875 0.7109375 0.08203125 0.0263671875
2 0.794921875 0.763671875 0.07421875 0.0224609375
2 0.90234375 0.82421875 0.0390625 0.0390625
2 0.7958984375 0.8818359375 0.0849609375 0.0224609375
2 0.6923828125 0.82421875 0.052734375 0.0517578125
2 0.552734375 0.7763671875 0.0771484375 0.0283203125
2 0.4052734375 0.7978515625 0.0546875 0.0458984375
2 0.443359375 0.8798828125 0.0849609375 0.0341796875
2 0.587890625 0.8583984375 0.0439453125 0.037109375
2 0.181640625 0.78125 0.08203125 0.0283203125
2 0.0869140625 0.849609375 0.0341796875 0.0498046875
2 0.2109375 0.896484375 0.0751953125 0.025390625
2 0.2998046875 0.83203125 0.0478515625 0.046875
0 0.23046875 0.1279296875 0.0302734375 0.0263671875
0 0.5146484375 0.0791015625 0.0478515625 0.0224609375
0 0.8330078125 0.154296875 0.037109375 0.021484375
0 0.8115234375 0.3447265625 0.046875 0.01953125
0 0.48828125 0.34375 0.041015625 0.0185546875
0 0.16015625 0.2822265625 0.0478515625 0.0185546875
0 0.19921875 0.529296875 0.0400390625 0.0205078125
0 0.5419921875 0.4873046875 0.033203125 0.0283203125
0 0.82421875 0.5126953125 0.0498046875 0.0185546875
0 0.2373046875 0.650390625 0.033203125 0.0244140625
0 0.4677734375 0.6875 0.052734375 0.0205078125
0 0.8466796875 0.6552734375 0.0302734375 0.0283203125
0 0.8564453125 0.82421875 0.033203125 0.0244140625
0 0.54296875 0.84765625 0.0380859375 0.0244140625
0 0.1904296875 0.873046875 0.0478515625 0.017578125