1 0.2353515625 0.2880859375 0.037109375 0.0478515625
0 0.224609375 0.2529296875 0.021484375 0.0302734375
1 0.166015625 0.236328125 0.0234375 0.064453125
1 0.1982421875 0.1103515625 0.037109375 0.0458984375
1 0.267578125 0.1640625 0.029296875 0.0712890625
1 0.318359375 0.1708984375 0.0244140625 0.0673828125
1 0.3916015625 0.115234375 0.037109375 0.04296875
0 0.3984375 0.2412109375 0.0185546875 0.037109375
1 0.421875 0.24609375 0.0224609375 0.0673828125
1 0.3505859375 0.2998046875 0.0390625 0.0361328125
1 0.5390625 0.10546875 0.0390625 0.041015625
1 0.47265625 0.1845703125 0.01953125 0.0712890625
1 0.5810546875 0.224609375 0.0185546875 0.072265625
1 0.5146484375 0.3017578125 0.0380859375 0.0302734375
0 0.5400390625 0.15234375 0.0205078125 0.0283203125
1 0.6435546875 0.138671875 0.0302734375 0.064453125
1 0.7255859375 0.1201171875 0.0380859375 0.0546875
0 0.666015625 0.1591796875 0.01953125 0.033203125
1 0.65234375 0.28125 0.0400390625 0.0556640625
1 0.736328125 0.263671875 0.029296875 0.064453125
1 0.8583984375 0.0986328125 0.0400390625 0.0322265625
1 0.80078125 0.2060546875 0.0234375 0.0693359375
1 0.8642578125 0.302734375 0.04296875 0.0322265625
1 0.9248046875 0.197265625 0.0234375 0.0673828125
0 0.8564453125 0.263671875 0.0244140625 0.025390625
1 0.1572265625 0.41796875 0.029296875 0.06640625
1 0.236328125 0.3916015625 0.041015625 0.0478515625
1 0.25 0.5283203125 0.0283203125 0.0712890625
1 0.1728515625 0.556640625 0.0380859375 0.048828125
0 0.2294921875 0.431640625 0.0205078125 0.0341796875
1 0.3583984375 0.3857421875 0.0390625 0.0302734375
1 0.3046875 0.4912109375 0.0185546875 0.0673828125
1 0.4169921875 0.4794921875 0.017578125 0.0703125
1 0.3642578125 0.58203125 0.0419921875 0.0380859375
0 0.3662109375 0.4296875 0.0244140625 0.0234375
1 0.4677734375 0.451171875 0.021484375 0.0693359375
1 0.541015625 0.3876953125 0.0400390625 0.0380859375
1 0.5029296875 0.5791015625 0.0390625 0.0390625
1 0.5751953125 0.517578125 0.0185546875 0.072265625
0 0.494140625 0.4560546875 0.0185546875 0.0400390625
1 0.6259765625 0.48046875 0.0166015625 0.0693359375
1 0.6884765625 0.3828125 0.0439453125 0.0263671875
1 0.74609375 0.4921875 0.0166015625 0.0703125
1 0.681640625 0.5908203125 0.0419921875 0.025390625
0 0.6904296875 0.4296875 0.0205078125 0.029296875
1 0.796875 0.458984375 0.0224609375 0.0703125
1 0.8759765625 0.39453125 0.0419921875 0.0361328125
1 0.8388671875 0.5966796875 0.0439453125 0.0390625
1 0.9189453125 0.5302734375 0.0234375 0.0751953125
0 0.88671875 0.5263671875 0.0185546875 0.037109375
1 0.818359375 0.7158203125 0.0341796875 0.0615234375
1 0.9072265625 0.724609375 0.0390625 0.0615234375
1 0.908203125 0.880859375 0.0361328125 0.0654296875
1 0.81640625 0.87109375 0.0380859375 0.0634765625
0 0.8798828125 0.8525390625 0.0234375 0.033203125
1 0.662109375 0.681640625 0.0400390625 0.0498046875
1 0.7431640625 0.7412109375 0.029296875 0.072265625
0 0.7197265625 0.767578125 0.015625 0.0390625
1 0.630859375 0.8232421875 0.0283203125 0.0732421875
1 0.7138671875 0.8857421875 0.0419921875 0.0517578125
1 0.544921875 0.677734375 0.0380859375 0.04296875
1 0.4677734375 0.724609375 0.0234375 0.0703125
1 0.4931640625 0.8701171875 0.0400390625 0.0458984375
1 0.572265625 0.8212890625 0.0234375 0.07421875
0 0.5478515625 0.8076171875 0.01953125 0.037109375
1 0.35546875 0.66796875 0.0380859375 0.02734375
1 0.296875 0.775390625 0.017578125 0.068359375
1 0.412109375 0.76953125 0.0166015625 0.072265625
1 0.35546875 0.87890625 0.0380859375 0.0283203125
0 0.388671875 0.779296875 0.0146484375 0.0361328125
1 0.1669921875 0.6689453125 0.037109375 0.052734375
1 0.244140625 0.701171875 0.03125 0.0615234375
0 0.2294921875 0.734375 0.015625 0.03515625
1 0.224609375 0.84765625 0.0361328125 0.0546875
1 0.146484375 0.8125 0.029296875 0.0634765625