1 0.1328125 0.2578125 0.0361328125 0.0498046875
1 0.20703125 0.314453125 0.0322265625 0.072265625
0 0.169921875 0.4091796875 0.0205078125 0.02734375
1 0.1103515625 0.390625 0.025390625 0.0673828125
1 0.1826171875 0.447265625 0.03515625 0.0458984375
1 0.259765625 0.3251953125 0.0224609375 0.0712890625
1 0.33203125 0.2666015625 0.0390625 0.0419921875
0 0.34375 0.39453125 0.0166015625 0.03515625
1 0.2958984375 0.4580078125 0.0380859375 0.0390625
1 0.3671875 0.40234375 0.01953125 0.068359375
1 0.416015625 0.33984375 0.017578125 0.072265625
1 0.484375 0.2568359375 0.0390625 0.029296875
1 0.53125 0.3818359375 0.015625 0.0732421875
1 0.462890625 0.4638671875 0.0380859375 0.029296875
0 0.486328125 0.3037109375 0.021484375 0.029296875
1 0.5947265625 0.2919921875 0.0322265625 0.0712890625
0 0.6181640625 0.314453125 0.021484375 0.03515625
1 0.6826171875 0.2744140625 0.0400390625 0.0576171875
1 0.6884765625 0.4287109375 0.0361328125 0.0693359375
1 0.6015625 0.443359375 0.0380859375 0.0546875
1 0.7587890625 0.369140625 0.017578125 0.0771484375
1 0.892578125 0.3603515625 0.0185546875 0.0771484375
1 0.826171875 0.2509765625 0.044921875 0.0322265625
1 0.822265625 0.4765625 0.0439453125 0.0263671875
0 0.814453125 0.4287109375 0.0224609375 0.025390625
1 0.830078125 0.568359375 0.044921875 0.041015625
1 0.7470703125 0.630859375 0.0244140625 0.0712890625
0 0.8359375 0.6982421875 0.0205078125 0.037109375
1 0.8671875 0.705078125 0.0263671875 0.0732421875
1 0.7822265625 0.767578125 0.044921875 0.041015625
1 0.6357421875 0.552734375 0.0400390625 0.0234375
1 0.57421875 0.6455078125 0.013671875 0.0703125
1 0.6943359375 0.6630859375 0.0166015625 0.07421875
1 0.62890625 0.755859375 0.04296875 0.03125
0 0.6416015625 0.5947265625 0.0224609375 0.0302734375
1 0.490234375 0.5517578125 0.0380859375 0.0390625
1 0.4189453125 0.6103515625 0.0205078125 0.0634765625
0 0.4443359375 0.61328125 0.0166015625 0.0361328125
1 0.525390625 0.6787109375 0.0185546875 0.0712890625
1 0.455078125 0.73828125 0.0390625 0.041015625
1 0.30859375 0.5458984375 0.0400390625 0.0341796875
1 0.259765625 0.6494140625 0.0205078125 0.0693359375
1 0.369140625 0.63671875 0.0205078125 0.0673828125
1 0.3203125 0.740234375 0.0380859375 0.0302734375
0 0.318359375 0.5849609375 0.01953125 0.0244140625
1 0.115234375 0.576171875 0.0263671875 0.064453125
1 0.1884765625 0.5478515625 0.0390625 0.0478515625
1 0.2099609375 0.681640625 0.0263671875 0.0625
1 0.138671875 0.7099609375 0.03515625 0.05078125
0 0.185546875 0.587890625 0.0205078125 0.03515625
1 0.1396484375 0.8125 0.03515625 0.0546875
1 0.2138671875 0.84375 0.0341796875 0.0615234375
0 0.2021484375 0.869140625 0.0185546875 0.03125
1 0.2041015625 0.9697265625 0.03125 0.046875
1 0.1328125 0.9375 0.029296875 0.056640625
1 0.31640625 0.81640625 0.0390625 0.03515625
1 0.2666015625 0.9111328125 0.0185546875 0.0654296875
1 0.3720703125 0.91015625 0.0185546875 0.06640625
1 0.423828125 0.8720703125 0.0244140625 0.0693359375
1 0.4970703125 0.8330078125 0.0390625 0.0498046875
1 0.5234375 0.9609375 0.0224609375 0.064453125
1 0.5771484375 0.966796875 0.025390625 0.06640625
1 0.6083984375 0.83984375 0.041015625 0.052734375
1 0.685546875 0.8974609375 0.0283203125 0.0693359375
0 0.6650390625 0.91796875 0.0166015625 0.0400390625
1 0.759765625 0.8759765625 0.0361328125 0.0634765625
1 0.845703125 0.8896484375 0.0380859375 0.060546875
0 0.4990234375 0.9482421875 0.0185546875 0.0380859375
0 0.3505859375 0.916015625 0.0146484375 0.03515625