1 0.314453125 0.111328125 0.0361328125 0.0390625
1 0.11328125 0.576171875 0.0322265625 0.048828125
1 0.2861328125 0.3916015625 0.0390625 0.0302734375
1 0.1650390625 0.8583984375 0.033203125 0.052734375
1 0.287109375 0.6806640625 0.037109375 0.0302734375
1 0.6240234375 0.3740234375 0.0419921875 0.03515625
1 0.29296875 0.5986328125 0.0361328125 0.029296875
1 0.181640625 0.716796875 0.0283203125 0.0615234375
1 0.6728515625 0.244140625 0.03515625 0.07421875
1 0.828125 0.37890625 0.044921875 0.0419921875
1 0.3486328125 0.244140625 0.021484375 0.06640625
1 0.126953125 0.1240234375 0.0322265625 0.044921875
1 0.232421875 0.787109375 0.0166015625 0.064453125
1 0.396484375 0.17578125 0.0185546875 0.06640625
1 0.8642578125 0.908203125 0.041015625 0.0654296875
1 0.8642578125 0.7392578125 0.04296875 0.0712890625
1 0.47265625 0.38671875 0.0400390625 0.0400390625
1 0.234375 0.5029296875 0.0166015625 0.0634765625
1 0.34375 0.7841796875 0.017578125 0.068359375
1 0.3466796875 0.4873046875 0.01953125 0.0693359375
1 0.3994140625 0.7353515625 0.025390625 0.0693359375
1 0.2890625 0.8935546875 0.03515625 0.0283203125
1 0.1669921875 0.4052734375 0.03515625 0.0478515625
1 0.7646484375 0.7265625 0.037109375 0.06640625
1 0.1650390625 0.302734375 0.03515625 0.0498046875
1 0.8154296875 0.27734375 0.0478515625 0.0400390625
1 0.783203125 0.5966796875 0.046875 0.041015625
1 0.884765625 0.154296875 0.0185546875 0.07421875
1 0.8095703125 0.0498046875 0.044921875 0.037109375
1 0.564453125 0.8359375 0.0322265625 0.0810546875
1 0.505859375 0.83984375 0.0283203125 0.076171875
1 0.6630859375 0.0859375 0.0380859375 0.0595703125
1 0.193359375 0.171875 0.0263671875 0.0634765625
1 0.599609375 0.6904296875 0.0439453125 0.0537109375
1 0.5107421875 0.2119140625 0.017578125 0.072265625
1 0.759765625 0.890625 0.0400390625 0.07421875
1 0.5791015625 0.2626953125 0.0390625 0.0625
1 0.44140625 0.2978515625 0.0380859375 0.029296875
1 0.57421875 0.1123046875 0.037109375 0.076171875
1 0.744140625 0.171875 0.021484375 0.080078125
1 0.1845703125 0.541015625 0.02734375 0.0634765625
1 0.68359375 0.7548828125 0.033203125 0.0810546875
1 0.423828125 0.88671875 0.0380859375 0.0517578125
1 0.3974609375 0.4580078125 0.0244140625 0.0732421875
1 0.685546875 0.4921875 0.0166015625 0.0732421875
1 0.6162109375 0.595703125 0.044921875 0.033203125
1 0.1005859375 0.25390625 0.021484375 0.0595703125
1 0.6494140625 0.90625 0.044921875 0.05859375
1 0.8779296875 0.5263671875 0.0283203125 0.0791015625
1 0.5068359375 0.521484375 0.025390625 0.07421875
1 0.109375 0.6865234375 0.0341796875 0.0537109375
1 0.4658203125 0.0859375 0.0380859375 0.0322265625
1 0.5576171875 0.478515625 0.0166015625 0.0693359375
1 0.4775390625 0.6884765625 0.041015625 0.0517578125
1 0.0947265625 0.8271484375 0.0263671875 0.0615234375
1 0.095703125 0.4375 0.02734375 0.0625
1 0.7421875 0.451171875 0.0234375 0.072265625
1 0.275390625 0.306640625 0.0341796875 0.03515625
1 0.4326171875 0.5888671875 0.0322265625 0.0322265625
1 0.2421875 0.1884765625 0.017578125 0.0439453125