1 0.21875 0.3603515625 0.0419921875 0.0517578125
1 0.5537109375 0.3486328125 0.0390625 0.041015625
1 0.37109375 0.5654296875 0.0400390625 0.03515625
1 0.427734375 0.453125 0.021484375 0.0673828125
1 0.150390625 0.6748046875 0.0400390625 0.0625
1 0.3076171875 0.1171875 0.0244140625 0.0732421875
1 0.388671875 0.0556640625 0.0400390625 0.0478515625
1 0.302734375 0.466796875 0.021484375 0.0732421875
1 0.3056640625 0.76953125 0.0185546875 0.0712890625
1 0.162109375 0.0419921875 0.041015625 0.048828125
1 0.3671875 0.6513671875 0.041015625 0.0341796875
1 0.1494140625 0.552734375 0.0419921875 0.0517578125
1 0.2236328125 0.8603515625 0.0439453125 0.0625
1 0.912109375 0.15234375 0.015625 0.06640625
1 0.5234375 0.255859375 0.0390625 0.03515625
1 0.1337890625 0.8388671875 0.0361328125 0.0693359375
1 0.5927734375 0.478515625 0.0205078125 0.0654296875
1 0.564453125 0.6416015625 0.0400390625 0.044921875
1 0.212890625 0.24609375 0.0439453125 0.052734375
1 0.697265625 0.337890625 0.0361328125 0.02734375
1 0.359375 0.3505859375 0.04296875 0.03515625
1 0.513671875 0.837890625 0.0419921875 0.0546875
1 0.431640625 0.755859375 0.0224609375 0.0712890625
1 0.732421875 0.0703125 0.0341796875 0.056640625
1 0.4228515625 0.19921875 0.0263671875 0.07421875
1 0.2431640625 0.701171875 0.0341796875 0.06640625
1 0.37109375 0.8740234375 0.0400390625 0.0341796875
1 0.7431640625 0.2158203125 0.0302734375 0.06640625
1 0.248046875 0.1044921875 0.029296875 0.0732421875
1 0.5458984375 0.0478515625 0.0380859375 0.0361328125
1 0.8037109375 0.158203125 0.01953125 0.064453125
1 0.4814453125 0.4130859375 0.0224609375 0.0712890625
1 0.6611328125 0.2294921875 0.033203125 0.052734375
1 0.8515625 0.0546875 0.037109375 0.03125
1 0.4775390625 0.1298828125 0.017578125 0.07421875
1 0.8994140625 0.6513671875 0.0341796875 0.05859375
1 0.2412109375 0.515625 0.029296875 0.072265625
1 0.34375 0.2578125 0.0390625 0.04296875
1 0.126953125 0.396484375 0.0322265625 0.068359375
1 0.1259765625 0.1875 0.0302734375 0.0732421875
1 0.4892578125 0.6923828125 0.0283203125 0.07421875
1 0.59375 0.173828125 0.0166015625 0.068359375
1 0.6953125 0.5458984375 0.03515625 0.0263671875
1 0.73046875 0.826171875 0.0361328125 0.0439453125
1 0.5947265625 0.7841796875 0.0283203125 0.072265625
1 0.822265625 0.6533203125 0.033203125 0.0595703125
1 0.8388671875 0.537109375 0.041015625 0.0341796875
1 0.677734375 0.6357421875 0.03125 0.0458984375
1 0.650390625 0.7734375 0.029296875 0.072265625
1 0.8720703125 0.33984375 0.0361328125 0.033203125
1 0.8603515625 0.25390625 0.037109375 0.0302734375
1 0.900390625 0.796875 0.0361328125 0.0615234375
1 0.8232421875 0.7978515625 0.03515625 0.0546875
1 0.755859375 0.4423828125 0.0166015625 0.060546875
1 0.9072265625 0.46875 0.0244140625 0.068359375
1 0.8017578125 0.4111328125 0.0205078125 0.0673828125
1 0.755859375 0.6826171875 0.025390625 0.06640625
1 0.6494140625 0.087890625 0.02734375 0.0625
1 0.6396484375 0.4375 0.017578125 0.072265625
1 0.517578125 0.5478515625 0.0361328125 0.0341796875