1 0.126953125 0.171875 0.0390625 0.056640625
1 0.1064453125 0.2998046875 0.025390625 0.068359375
1 0.173828125 0.345703125 0.0341796875 0.0498046875
1 0.1953125 0.216796875 0.037109375 0.0673828125
1 0.2470703125 0.224609375 0.0263671875 0.072265625
1 0.31640625 0.1572265625 0.0419921875 0.041015625
1 0.2841796875 0.3505859375 0.0400390625 0.0419921875
1 0.3525390625 0.2900390625 0.0234375 0.0771484375
1 0.17578125 0.4453125 0.0400390625 0.0458984375
1 0.1064453125 0.48046875 0.02734375 0.0693359375
1 0.1279296875 0.61328125 0.037109375 0.0517578125
1 0.1982421875 0.5771484375 0.0263671875 0.06640625
1 0.2470703125 0.5419921875 0.0224609375 0.0751953125
1 0.29296875 0.435546875 0.0419921875 0.037109375
1 0.3515625 0.521484375 0.0244140625 0.076171875
1 0.306640625 0.6279296875 0.04296875 0.041015625
1 0.126953125 0.716796875 0.03515625 0.0595703125
1 0.1181640625 0.8505859375 0.029296875 0.0673828125
1 0.1875 0.8759765625 0.03125 0.0537109375
1 0.19921875 0.7392578125 0.03125 0.064453125
1 0.2490234375 0.810546875 0.0166015625 0.0791015625
1 0.3076171875 0.9033203125 0.041015625 0.037109375
1 0.3564453125 0.798828125 0.021484375 0.07421875
1 0.2998046875 0.708984375 0.0419921875 0.037109375
1 0.58984375 0.712890625 0.0419921875 0.05859375
1 0.478515625 0.7080078125 0.04296875 0.0458984375
1 0.408203125 0.7578125 0.0263671875 0.0712890625
1 0.4375 0.89453125 0.0400390625 0.0458984375
1 0.509765625 0.8408203125 0.0244140625 0.078125
1 0.564453125 0.849609375 0.029296875 0.0791015625
1 0.64453125 0.8984375 0.0390625 0.044921875
1 0.6708984375 0.7626953125 0.0283203125 0.0673828125
1 0.611328125 0.62109375 0.0478515625 0.033203125
1 0.671875 0.5234375 0.0146484375 0.083984375
1 0.6123046875 0.412109375 0.0478515625 0.0478515625
1 0.5537109375 0.515625 0.01953125 0.0791015625
1 0.5068359375 0.5537109375 0.01953125 0.0771484375
1 0.4716796875 0.4267578125 0.0439453125 0.0380859375
1 0.4013671875 0.4931640625 0.025390625 0.0751953125
1 0.439453125 0.6171875 0.0380859375 0.04296875
1 0.396484375 0.2255859375 0.021484375 0.0732421875
1 0.4443359375 0.34375 0.041015625 0.03515625
1 0.5068359375 0.255859375 0.015625 0.087890625
1 0.4638671875 0.134765625 0.044921875 0.0361328125
1 0.568359375 0.1630859375 0.0302734375 0.0732421875
1 0.5771484375 0.3095703125 0.0419921875 0.0595703125
1 0.662109375 0.2880859375 0.0322265625 0.07421875
1 0.650390625 0.138671875 0.041015625 0.0537109375
1 0.7900390625 0.1044921875 0.046875 0.0390625
1 0.728515625 0.2255859375 0.0224609375 0.0859375
1 0.7958984375 0.3232421875 0.048828125 0.0400390625
1 0.857421875 0.2001953125 0.0205078125 0.08203125
1 0.8046875 0.4140625 0.0458984375 0.0478515625
1 0.7255859375 0.4833984375 0.0302734375 0.0791015625
1 0.7626953125 0.6201171875 0.0517578125 0.0439453125
1 0.8466796875 0.55078125 0.0283203125 0.0859375
1 0.7451171875 0.736328125 0.041015625 0.068359375
1 0.833984375 0.740234375 0.0439453125 0.0703125
1 0.7431640625 0.890625 0.0439453125 0.0703125
1 0.8330078125 0.8955078125 0.0361328125 0.0673828125
0 0.8056640625 0.8662109375 0.0244140625 0.0341796875
0 0.81640625 0.546875 0.01953125 0.0439453125
0 0.7861328125 0.2802734375 0.0283203125 0.0302734375
0 0.591796875 0.1865234375 0.0224609375 0.0361328125
0 0.46484375 0.1865234375 0.01953125 0.029296875
0 0.3291015625 0.28515625 0.01953125 0.0439453125
0 0.162109375 0.310546875 0.0263671875 0.0302734375
0 0.173828125 0.486328125 0.021484375 0.033203125
0 0.3037109375 0.474609375 0.0244140625 0.025390625
0 0.427734375 0.4951171875 0.015625 0.0341796875
0 0.619140625 0.4609375 0.0302734375 0.02734375
0 0.650390625 0.7919921875 0.017578125 0.0458984375
0 0.486328125 0.8359375 0.0205078125 0.04296875
0 0.3369140625 0.8115234375 0.0126953125 0.044921875
0 0.1875 0.7744140625 0.015625 0.0439453125