1 0.8642578125 0.16015625 0.021484375 0.091796875
1 0.7958984375 0.0654296875 0.0498046875 0.0400390625
1 0.736328125 0.1787109375 0.025390625 0.0859375
1 0.80078125 0.2705078125 0.0498046875 0.0380859375
1 0.669921875 0.232421875 0.0302734375 0.072265625
1 0.6650390625 0.095703125 0.0390625 0.05859375
1 0.583984375 0.12109375 0.0322265625 0.0771484375
1 0.587890625 0.251953125 0.03515625 0.0595703125
1 0.623046875 0.3583984375 0.0546875 0.0380859375
1 0.5615234375 0.4521484375 0.021484375 0.087890625
1 0.615234375 0.5615234375 0.056640625 0.0390625
1 0.677734375 0.4599609375 0.025390625 0.080078125
1 0.7275390625 0.4267578125 0.0322265625 0.0810546875
1 0.767578125 0.5595703125 0.0576171875 0.046875
1 0.4814453125 0.0927734375 0.044921875 0.03515625
1 0.4208984375 0.1689453125 0.0244140625 0.0751953125
1 0.458984375 0.2802734375 0.0419921875 0.0439453125
1 0.521484375 0.2080078125 0.0205078125 0.0849609375
1 0.34765625 0.109375 0.0400390625 0.0439453125
1 0.28125 0.16796875 0.021484375 0.07421875
1 0.3115234375 0.2841796875 0.0390625 0.0439453125
1 0.3740234375 0.23046875 0.0234375 0.076171875
1 0.2099609375 0.2763671875 0.03515625 0.046875
1 0.2392578125 0.16015625 0.02734375 0.0732421875
1 0.1806640625 0.119140625 0.037109375 0.0498046875
1 0.1513671875 0.236328125 0.025390625 0.0625
1 0.142578125 0.3994140625 0.03125 0.0712890625
1 0.2080078125 0.3681640625 0.041015625 0.0517578125
1 0.1533203125 0.5185546875 0.0390625 0.0517578125
1 0.2216796875 0.4970703125 0.02734375 0.0791015625
1 0.314453125 0.3603515625 0.041015625 0.037109375
1 0.265625 0.46484375 0.0205078125 0.072265625
1 0.3193359375 0.5478515625 0.04296875 0.0380859375
1 0.3671875 0.451171875 0.021484375 0.0703125
1 0.4150390625 0.4248046875 0.025390625 0.078125
1 0.482421875 0.3642578125 0.044921875 0.044921875
1 0.8125 0.361328125 0.0517578125 0.0419921875
1 0.85546875 0.494140625 0.0283203125 0.0859375
1 0.5126953125 0.482421875 0.0224609375 0.0791015625
1 0.4453125 0.541015625 0.0400390625 0.041015625
1 0.146484375 0.6240234375 0.041015625 0.056640625
1 0.1298828125 0.75390625 0.02734375 0.0712890625
1 0.1943359375 0.78515625 0.0322265625 0.0576171875
1 0.2119140625 0.6474609375 0.02734375 0.0634765625
1 0.3076171875 0.82421875 0.041015625 0.0400390625
1 0.2568359375 0.724609375 0.0185546875 0.08203125
1 0.30859375 0.6279296875 0.04296875 0.041015625
1 0.361328125 0.7255859375 0.0244140625 0.0869140625
1 0.4111328125 0.68359375 0.03125 0.076171875
1 0.4833984375 0.6396484375 0.0439453125 0.05078125
1 0.431640625 0.818359375 0.04296875 0.0556640625
1 0.5068359375 0.771484375 0.0263671875 0.083984375
1 0.5615234375 0.779296875 0.0283203125 0.0830078125
1 0.5947265625 0.64453125 0.04296875 0.0595703125
1 0.673828125 0.705078125 0.03125 0.083984375
1 0.640625 0.84375 0.0419921875 0.05859375
1 0.748046875 0.6806640625 0.0361328125 0.06640625
1 0.7451171875 0.8359375 0.0419921875 0.0771484375
1 0.841796875 0.8515625 0.0400390625 0.0673828125
1 0.8408203125 0.6923828125 0.041015625 0.072265625
0 0.2001953125 0.2470703125 0.017578125 0.0205078125
0 0.353515625 0.2294921875 0.013671875 0.0341796875
0 0.484375 0.140625 0.0185546875 0.029296875
0 0.6044921875 0.138671875 0.0234375 0.041015625
0 0.7919921875 0.2275390625 0.025390625 0.0322265625
0 0.8232421875 0.49609375 0.01953125 0.044921875
0 0.6240234375 0.40234375 0.025390625 0.02734375
0 0.4375 0.43359375 0.01953125 0.0439453125
0 0.32421875 0.404296875 0.0263671875 0.0205078125
0 0.205078125 0.40625 0.0205078125 0.0361328125
0 0.19921875 0.6875 0.0146484375 0.0400390625
0 0.33984375 0.73046875 0.013671875 0.0380859375
0 0.484375 0.7646484375 0.0205078125 0.0380859375
0 0.650390625 0.7314453125 0.017578125 0.0419921875
0 0.8115234375 0.822265625 0.025390625 0.03125