2 0.1748046875 0.0625 0.0771484375 0.0244140625
2 0.080078125 0.1259765625 0.037109375 0.041015625
2 0.2890625 0.119140625 0.041015625 0.0458984375
2 0.1953125 0.177734375 0.0771484375 0.0263671875
2 0.3837890625 0.099609375 0.04296875 0.037109375
2 0.515625 0.06640625 0.0810546875 0.0302734375
2 0.583984375 0.138671875 0.0419921875 0.044921875
2 0.453125 0.1748046875 0.0751953125 0.0263671875
2 0.705078125 0.0908203125 0.0576171875 0.03125
2 0.849609375 0.0986328125 0.05859375 0.037109375
2 0.69921875 0.171875 0.0654296875 0.0302734375
2 0.8466796875 0.177734375 0.0576171875 0.0380859375
2 0.1435546875 0.240234375 0.08203125 0.025390625
2 0.458984375 0.2333984375 0.0751953125 0.01953125
2 0.73046875 0.2451171875 0.0625 0.025390625
2 0.8681640625 0.2744140625 0.044921875 0.04296875
2 0.6787109375 0.3212890625 0.0478515625 0.0390625
2 0.5830078125 0.28125 0.041015625 0.046875
2 0.3779296875 0.30078125 0.046875 0.0419921875
2 0.2802734375 0.2783203125 0.0615234375 0.041015625
2 0.07421875 0.31640625 0.052734375 0.041015625
2 0.21875 0.353515625 0.06640625 0.03125
2 0.501953125 0.349609375 0.0673828125 0.0244140625
2 0.818359375 0.3515625 0.0693359375 0.0302734375
2 0.087890625 0.421875 0.0654296875 0.037109375
2 0.0673828125 0.5087890625 0.0576171875 0.037109375
2 0.2275390625 0.517578125 0.056640625 0.0341796875
2 0.3671875 0.474609375 0.0478515625 0.0439453125
2 0.24609375 0.431640625 0.0732421875 0.0400390625
2 0.4482421875 0.40625 0.087890625 0.029296875
2 0.576171875 0.4501953125 0.046875 0.0439453125
2 0.4951171875 0.5224609375 0.07421875 0.029296875
2 0.701171875 0.50390625 0.0693359375 0.037109375
2 0.7021484375 0.4189453125 0.0556640625 0.03515625
2 0.8505859375 0.421875 0.0673828125 0.03515625
2 0.8515625 0.5048828125 0.0595703125 0.037109375
2 0.08203125 0.5986328125 0.0693359375 0.037109375
2 0.2451171875 0.6025390625 0.068359375 0.037109375
2 0.359375 0.625 0.0390625 0.046875
2 0.484375 0.5712890625 0.083984375 0.0234375
2 0.5751953125 0.638671875 0.033203125 0.0458984375
2 0.6669921875 0.634765625 0.04296875 0.0458984375
2 0.45703125 0.6953125 0.080078125 0.0244140625
2 0.0703125 0.689453125 0.0673828125 0.037109375
2 0.232421875 0.6923828125 0.0654296875 0.0380859375
2 0.7802734375 0.6904296875 0.0732421875 0.0224609375
2 0.875 0.6259765625 0.03515625 0.0419921875
2 0.75390625 0.5712890625 0.078125 0.0263671875
2 0.0458984375 0.8388671875 0.04296875 0.0498046875
2 0.150390625 0.763671875 0.0849609375 0.0322265625
2 0.26953125 0.8203125 0.046875 0.0478515625
2 0.1650390625 0.89453125 0.0732421875 0.025390625
2 0.4169921875 0.8720703125 0.0771484375 0.0341796875
2 0.3779296875 0.7822265625 0.0595703125 0.046875
2 0.568359375 0.849609375 0.0517578125 0.0400390625
2 0.5322265625 0.7578125 0.0712890625 0.033203125
2 0.7783203125 0.744140625 0.0771484375 0.0234375
2 0.6767578125 0.80859375 0.041015625 0.0537109375
2 0.7861328125 0.873046875 0.0810546875 0.0224609375
2 0.892578125 0.806640625 0.033203125 0.046875
0 0.8447265625 0.8115234375 0.03515625 0.0244140625
0 0.5234375 0.8359375 0.0390625 0.0244140625
0 0.15625 0.86328125 0.0498046875 0.0166015625
0 0.2177734375 0.625 0.03515625 0.0244140625
0 0.4541015625 0.666015625 0.041015625 0.01953125
0 0.8291015625 0.6337890625 0.025390625 0.03125
0 0.8017578125 0.4921875 0.0400390625 0.0263671875
0 0.529296875 0.4638671875 0.0322265625 0.0244140625
0 0.189453125 0.501953125 0.0419921875 0.0234375
0 0.169921875 0.2666015625 0.0380859375 0.013671875
0 0.4814453125 0.328125 0.0458984375 0.0166015625
0 0.78125 0.3330078125 0.048828125 0.015625
0 0.8017578125 0.1650390625 0.037109375 0.017578125
0 0.5146484375 0.0966796875 0.048828125 0.021484375
0 0.2490234375 0.1298828125 0.0283203125 0.0224609375