1 0.203125 0.14453125 0.0439453125 0.0498046875
1 0.1708984375 0.2734375 0.025390625 0.0751953125
1 0.1640625 0.4609375 0.0322265625 0.07421875
1 0.1806640625 0.6044921875 0.0380859375 0.0625
1 0.1728515625 0.7138671875 0.0419921875 0.068359375
1 0.1533203125 0.853515625 0.0283203125 0.0771484375
1 0.23046875 0.8974609375 0.0361328125 0.0546875
1 0.25 0.7470703125 0.037109375 0.0732421875
1 0.357421875 0.7275390625 0.048828125 0.0390625
1 0.3017578125 0.833984375 0.0205078125 0.0830078125
1 0.3564453125 0.9345703125 0.046875 0.0478515625
1 0.4150390625 0.8251953125 0.017578125 0.0869140625
1 0.47265625 0.79296875 0.0283203125 0.0791015625
1 0.4921875 0.9375 0.0478515625 0.05859375
1 0.57421875 0.8974609375 0.025390625 0.078125
1 0.548828125 0.751953125 0.0478515625 0.052734375
1 0.6689453125 0.767578125 0.0439453125 0.052734375
1 0.6357421875 0.90234375 0.0283203125 0.0927734375
1 0.716796875 0.97265625 0.0439453125 0.0498046875
1 0.751953125 0.830078125 0.029296875 0.0869140625
1 0.8271484375 0.8125 0.0400390625 0.0693359375
1 0.822265625 0.9638671875 0.0390625 0.072265625
1 0.9189453125 0.830078125 0.0361328125 0.0791015625
1 0.8984375 0.4853515625 0.05078125 0.0498046875
1 0.8154296875 0.546875 0.0283203125 0.0810546875
1 0.8525390625 0.689453125 0.0517578125 0.0556640625
1 0.939453125 0.623046875 0.0322265625 0.0849609375
1 0.9619140625 0.271484375 0.0224609375 0.0830078125
1 0.8935546875 0.1669921875 0.0546875 0.044921875
1 0.8935546875 0.384765625 0.056640625 0.0400390625
1 0.8271484375 0.275390625 0.0263671875 0.0869140625
1 0.751953125 0.1845703125 0.0419921875 0.0703125
1 0.6650390625 0.1962890625 0.0419921875 0.0791015625
1 0.66796875 0.341796875 0.041015625 0.05859375
1 0.7578125 0.3330078125 0.0380859375 0.07421875
1 0.7041015625 0.4599609375 0.0498046875 0.0400390625
1 0.6357421875 0.5556640625 0.0234375 0.0947265625
1 0.7607421875 0.576171875 0.01953125 0.087890625
1 0.6923828125 0.6748046875 0.05078125 0.0439453125
1 0.505859375 0.646484375 0.044921875 0.0498046875
1 0.5849609375 0.5927734375 0.0244140625 0.0810546875
1 0.548828125 0.455078125 0.0537109375 0.044921875
1 0.4755859375 0.509765625 0.0302734375 0.0830078125
1 0.423828125 0.5390625 0.025390625 0.07421875
1 0.365234375 0.439453125 0.0556640625 0.03125
1 0.37109375 0.6416015625 0.0400390625 0.0361328125
1 0.3095703125 0.5439453125 0.0263671875 0.0751953125
1 0.2548828125 0.578125 0.0341796875 0.072265625
1 0.2421875 0.4384765625 0.041015625 0.0556640625
1 0.326171875 0.220703125 0.0302734375 0.0791015625
1 0.3564453125 0.3486328125 0.0419921875 0.0556640625
1 0.4296875 0.2998046875 0.025390625 0.0908203125
1 0.400390625 0.1611328125 0.04296875 0.0458984375
1 0.4853515625 0.236328125 0.0234375 0.0869140625
1 0.5556640625 0.1572265625 0.041015625 0.041015625
1 0.5986328125 0.2841796875 0.021484375 0.0849609375
1 0.521484375 0.3623046875 0.0458984375 0.041015625
1 0.2734375 0.205078125 0.0283203125 0.0703125
1 0.2421875 0.3359375 0.04296875 0.048828125
0 0.2294921875 0.2939453125 0.0224609375 0.0322265625
0 0.4072265625 0.2919921875 0.017578125 0.0341796875
0 0.5537109375 0.2060546875 0.0205078125 0.037109375
0 0.6875 0.2197265625 0.025390625 0.0390625
0 0.8837890625 0.3427734375 0.0263671875 0.0380859375
0 0.9091796875 0.62109375 0.0244140625 0.0419921875
0 0.705078125 0.5048828125 0.025390625 0.03125
0 0.501953125 0.51953125 0.0205078125 0.046875
0 0.3720703125 0.4814453125 0.0234375 0.0322265625
0 0.234375 0.478515625 0.025390625 0.0400390625
0 0.2333984375 0.7802734375 0.021484375 0.0478515625
0 0.392578125 0.8408203125 0.013671875 0.0458984375
0 0.548828125 0.8837890625 0.0205078125 0.0458984375
0 0.7275390625 0.85546875 0.0146484375 0.046875
0 0.8876953125 0.9482421875 0.0263671875 0.037109375
1 0.919921875 0.9775390625 0.0341796875 0.0439453125