1 0.2978515625 0.5712890625 0.0341796875 0.029296875
1 0.1884765625 0.384765625 0.033203125 0.044921875
1 0.193359375 0.6728515625 0.0263671875 0.0576171875
1 0.111328125 0.767578125 0.0234375 0.056640625
1 0.2177734375 0.171875 0.0234375 0.060546875
1 0.3291015625 0.123046875 0.0341796875 0.0361328125
1 0.2373046875 0.7421875 0.0146484375 0.0654296875
1 0.439453125 0.30078125 0.033203125 0.0263671875
1 0.603515625 0.3818359375 0.0390625 0.0341796875
1 0.287109375 0.84375 0.033203125 0.0244140625
1 0.7958984375 0.3935546875 0.04296875 0.0419921875
1 0.1767578125 0.802734375 0.03125 0.0478515625
1 0.12890625 0.6376953125 0.03125 0.0458984375
1 0.5927734375 0.5869140625 0.0390625 0.03125
0 0.466796875 0.154296875 0.0185546875 0.02734375
1 0.658203125 0.494140625 0.017578125 0.0693359375
1 0.3388671875 0.7412109375 0.0166015625 0.0654296875
1 0.2890625 0.2998046875 0.0322265625 0.03515625
1 0.2939453125 0.37890625 0.0380859375 0.02734375
1 0.46484375 0.6650390625 0.0380859375 0.046875
0 0.4638671875 0.7919921875 0.01953125 0.04296875
1 0.412109375 0.8447265625 0.0341796875 0.0478515625
1 0.1328125 0.541015625 0.029296875 0.0458984375
1 0.1572265625 0.126953125 0.0341796875 0.041015625
1 0.390625 0.705078125 0.0244140625 0.064453125
1 0.8505859375 0.1904296875 0.017578125 0.0703125
1 0.189453125 0.2900390625 0.0322265625 0.04296875
1 0.8173828125 0.8916015625 0.0400390625 0.0615234375
1 0.3466796875 0.470703125 0.0166015625 0.0615234375
1 0.783203125 0.3017578125 0.0439453125 0.0361328125
1 0.3974609375 0.4423828125 0.0224609375 0.0625
1 0.50390625 0.2236328125 0.017578125 0.0673828125
1 0.486328125 0.8056640625 0.0283203125 0.0712890625
1 0.4248046875 0.568359375 0.033203125 0.037109375
1 0.3525390625 0.2490234375 0.01953125 0.0615234375
1 0.4638671875 0.384765625 0.0361328125 0.0380859375
1 0.748046875 0.595703125 0.0400390625 0.0400390625
1 0.720703125 0.8671875 0.0361328125 0.068359375
0 0.1845703125 0.4228515625 0.015625 0.029296875
1 0.1298828125 0.24609375 0.0185546875 0.056640625
1 0.7119140625 0.4599609375 0.0263671875 0.07421875
1 0.8212890625 0.7314453125 0.0380859375 0.0673828125
1 0.7255859375 0.71484375 0.0380859375 0.064453125
1 0.783203125 0.08984375 0.0419921875 0.0341796875
1 0.568359375 0.1337890625 0.0341796875 0.06640625
1 0.263671875 0.1806640625 0.0205078125 0.05859375
1 0.720703125 0.2001953125 0.01953125 0.0751953125
0 0.181640625 0.701171875 0.0126953125 0.029296875
1 0.49609375 0.5087890625 0.0234375 0.06640625
1 0.6533203125 0.263671875 0.03515625 0.0703125
1 0.466796875 0.1064453125 0.0341796875 0.0302734375
1 0.6533203125 0.7392578125 0.03125 0.0751953125
1 0.5419921875 0.4755859375 0.013671875 0.0615234375
1 0.8369140625 0.53515625 0.025390625 0.0732421875
1 0.4013671875 0.1884765625 0.0166015625 0.0625
0 0.3212890625 0.75390625 0.0126953125 0.0341796875
0 0.8037109375 0.525390625 0.0205078125 0.0380859375
1 0.6484375 0.1181640625 0.037109375 0.0595703125
0 0.587890625 0.1572265625 0.0185546875 0.0322265625
0 0.4208984375 0.451171875 0.017578125 0.0341796875
1 0.1220703125 0.4111328125 0.025390625 0.0576171875
0 0.6083984375 0.427734375 0.0205078125 0.0283203125
1 0.5693359375 0.2783203125 0.0361328125 0.05859375
1 0.576171875 0.6728515625 0.041015625 0.05078125
1 0.541015625 0.8056640625 0.0283203125 0.078125
1 0.6162109375 0.876953125 0.04296875 0.0556640625
0 0.3349609375 0.2431640625 0.0146484375 0.0302734375
0 0.3046875 0.4208984375 0.017578125 0.021484375
0 0.791015625 0.8564453125 0.0244140625 0.0361328125
0 0.7763671875 0.2578125 0.021484375 0.021484375
1 0.201171875 0.5107421875 0.0224609375 0.0615234375
0 0.181640625 0.26171875 0.015625 0.0205078125
0 0.62890625 0.7607421875 0.0166015625 0.0361328125
1 0.291015625 0.6455078125 0.03515625 0.025390625
1 0.6201171875 0.3173828125 0.0185546875 0.0224609375
1 0.2451171875 0.4892578125 0.013671875 0.03515625