2 0.236328125 0.1435546875 0.06640625 0.021484375
2 0.1455078125 0.1953125 0.0302734375 0.0341796875
2 0.3349609375 0.1865234375 0.0341796875 0.0419921875
2 0.248046875 0.2412109375 0.068359375 0.0205078125
2 0.4189453125 0.1669921875 0.0390625 0.033203125
2 0.5400390625 0.134765625 0.0673828125 0.0234375
2 0.4765625 0.2314453125 0.0654296875 0.0205078125
2 0.603515625 0.197265625 0.0380859375 0.0390625
2 0.71484375 0.1513671875 0.056640625 0.02734375
2 0.8505859375 0.1533203125 0.056640625 0.033203125
2 0.7109375 0.22265625 0.0615234375 0.02734375
2 0.8525390625 0.2236328125 0.0537109375 0.037109375
2 0.2001953125 0.294921875 0.0673828125 0.021484375
2 0.138671875 0.365234375 0.0419921875 0.0361328125
2 0.32421875 0.3251953125 0.05078125 0.0390625
2 0.2626953125 0.3935546875 0.0595703125 0.0283203125
2 0.4140625 0.345703125 0.037109375 0.0341796875
2 0.4873046875 0.2822265625 0.07421875 0.0205078125
2 0.5302734375 0.384765625 0.0615234375 0.0244140625
2 0.6025390625 0.3203125 0.046875 0.0400390625
2 0.697265625 0.357421875 0.046875 0.0322265625
2 0.7451171875 0.287109375 0.0595703125 0.0234375
2 0.876953125 0.310546875 0.0537109375 0.037109375
2 0.8349609375 0.3828125 0.0634765625 0.0302734375
2 0.140625 0.45703125 0.0634765625 0.029296875
2 0.287109375 0.4638671875 0.0615234375 0.03125
2 0.123046875 0.537109375 0.0576171875 0.033203125
2 0.2705078125 0.544921875 0.0517578125 0.0341796875
2 0.4033203125 0.50390625 0.0380859375 0.0380859375
2 0.478515625 0.4384765625 0.0712890625 0.0234375
2 0.599609375 0.4794921875 0.04296875 0.0380859375
2 0.5224609375 0.5478515625 0.0654296875 0.0234375
2 0.72265625 0.44921875 0.0546875 0.0302734375
2 0.87109375 0.451171875 0.0625 0.03125
2 0.7265625 0.5302734375 0.0634765625 0.03125
2 0.880859375 0.5302734375 0.056640625 0.0380859375
2 0.130859375 0.6220703125 0.0634765625 0.0361328125
2 0.111328125 0.7109375 0.0615234375 0.03515625
2 0.283203125 0.626953125 0.05859375 0.033203125
2 0.2646484375 0.716796875 0.056640625 0.0361328125
2 0.3974609375 0.6484375 0.029296875 0.041015625
2 0.5146484375 0.5947265625 0.07421875 0.01953125
2 0.6044921875 0.66796875 0.03125 0.04296875
2 0.4853515625 0.720703125 0.0791015625 0.0185546875
2 0.7919921875 0.5947265625 0.0703125 0.0224609375
2 0.6962890625 0.66015625 0.0458984375 0.0419921875
2 0.9169921875 0.654296875 0.0419921875 0.044921875
2 0.8193359375 0.720703125 0.0703125 0.0244140625
2 0.189453125 0.7861328125 0.0869140625 0.025390625
2 0.078125 0.861328125 0.0322265625 0.0517578125
2 0.1982421875 0.923828125 0.0771484375 0.02734375
2 0.3017578125 0.8466796875 0.04296875 0.0458984375
2 0.4091796875 0.8095703125 0.0537109375 0.046875
2 0.564453125 0.7861328125 0.0771484375 0.0322265625
2 0.4482421875 0.9033203125 0.0771484375 0.0361328125
2 0.6044921875 0.8818359375 0.0595703125 0.0419921875
2 0.7138671875 0.8408203125 0.0439453125 0.052734375
2 0.83203125 0.912109375 0.083984375 0.0244140625
2 0.8251953125 0.775390625 0.07421875 0.0205078125
2 0.9462890625 0.84375 0.041015625 0.0400390625
0 0.892578125 0.849609375 0.03515625 0.02734375
0 0.5576171875 0.869140625 0.0380859375 0.02734375
0 0.185546875 0.892578125 0.041015625 0.0205078125
0 0.255859375 0.6484375 0.03125 0.0283203125
0 0.4833984375 0.6904296875 0.048828125 0.0185546875
0 0.8642578125 0.6611328125 0.0341796875 0.0224609375
0 0.8359375 0.51953125 0.0390625 0.0244140625
0 0.556640625 0.4931640625 0.025390625 0.0283203125
0 0.236328125 0.53125 0.03515625 0.0185546875
0 0.2265625 0.318359375 0.03515625 0.017578125
0 0.5107421875 0.3681640625 0.0322265625 0.013671875
0 0.8037109375 0.3681640625 0.0439453125 0.015625
0 0.810546875 0.216796875 0.0361328125 0.01953125
0 0.5380859375 0.1611328125 0.04296875 0.0166015625
0 0.2998046875 0.1982421875 0.0263671875 0.01953125