2 0.25 0.185546875 0.0634765625 0.017578125
2 0.1630859375 0.23046875 0.0322265625 0.0283203125
2 0.341796875 0.2255859375 0.0390625 0.0390625
2 0.2568359375 0.2705078125 0.080078125 0.0234375
2 0.4169921875 0.20703125 0.041015625 0.0283203125
2 0.46875 0.259765625 0.0595703125 0.0224609375
2 0.5830078125 0.2333984375 0.041015625 0.0400390625
2 0.5244140625 0.1796875 0.07421875 0.021484375
2 0.681640625 0.1953125 0.05078125 0.025390625
2 0.8076171875 0.1953125 0.0546875 0.0302734375
2 0.68359375 0.2529296875 0.05859375 0.0263671875
2 0.8115234375 0.2509765625 0.0498046875 0.0322265625
2 0.21484375 0.3173828125 0.068359375 0.0205078125
2 0.1484375 0.3798828125 0.0390625 0.03515625
2 0.271484375 0.40625 0.068359375 0.02734375
2 0.330078125 0.34375 0.0537109375 0.0400390625
2 0.5263671875 0.396484375 0.064453125 0.0224609375
2 0.4130859375 0.359375 0.0302734375 0.0283203125
2 0.4775390625 0.3056640625 0.0654296875 0.01953125
2 0.58984375 0.33984375 0.04296875 0.0400390625
2 0.7158203125 0.30859375 0.0751953125 0.0244140625
2 0.6767578125 0.3701171875 0.046875 0.0341796875
2 0.810546875 0.392578125 0.0634765625 0.029296875
2 0.83984375 0.3271484375 0.056640625 0.037109375
2 0.1572265625 0.4638671875 0.068359375 0.03125
2 0.294921875 0.4697265625 0.064453125 0.03515625
2 0.1318359375 0.5400390625 0.060546875 0.03515625
2 0.27734375 0.544921875 0.056640625 0.033203125
2 0.408203125 0.505859375 0.0419921875 0.0380859375
2 0.4765625 0.4443359375 0.072265625 0.0224609375
2 0.59375 0.4814453125 0.0439453125 0.0390625
2 0.5244140625 0.544921875 0.0693359375 0.0244140625
2 0.708984375 0.453125 0.0556640625 0.0302734375
2 0.7177734375 0.5263671875 0.0654296875 0.0322265625
2 0.8681640625 0.5244140625 0.0595703125 0.03515625
2 0.8525390625 0.451171875 0.0625 0.0302734375
2 0.1416015625 0.62109375 0.0693359375 0.03515625
2 0.119140625 0.7099609375 0.0634765625 0.0400390625
2 0.2744140625 0.71484375 0.0654296875 0.041015625
2 0.2890625 0.623046875 0.0693359375 0.03515625
2 0.40234375 0.64453125 0.03515625 0.04296875
2 0.498046875 0.7138671875 0.0810546875 0.0224609375
2 0.61328125 0.65625 0.0439453125 0.0498046875
2 0.5146484375 0.591796875 0.083984375 0.0224609375
2 0.7001953125 0.650390625 0.05078125 0.044921875
2 0.7890625 0.587890625 0.0771484375 0.02734375
2 0.9111328125 0.6416015625 0.048828125 0.044921875
2 0.82421875 0.708984375 0.0810546875 0.0263671875
2 0.193359375 0.7841796875 0.0859375 0.0302734375
2 0.0771484375 0.8662109375 0.037109375 0.05078125
2 0.2041015625 0.931640625 0.0888671875 0.025390625
2 0.3115234375 0.849609375 0.0576171875 0.05078125
2 0.427734375 0.802734375 0.060546875 0.0517578125
2 0.4658203125 0.904296875 0.083984375 0.0380859375
2 0.6240234375 0.876953125 0.0556640625 0.0478515625
2 0.58203125 0.779296875 0.0791015625 0.0341796875
2 0.8291015625 0.7626953125 0.0888671875 0.0244140625
2 0.732421875 0.83203125 0.044921875 0.0546875
2 0.85546875 0.90625 0.0966796875 0.02734375
2 0.9619140625 0.83203125 0.0478515625 0.05078125
0 0.912109375 0.8388671875 0.037109375 0.03515625
0 0.57421875 0.8671875 0.037109375 0.0302734375
0 0.1923828125 0.8984375 0.0556640625 0.021484375
0 0.263671875 0.6484375 0.0400390625 0.0263671875
0 0.49609375 0.6845703125 0.0478515625 0.017578125
0 0.8671875 0.6494140625 0.0302734375 0.0234375
0 0.8193359375 0.5146484375 0.04296875 0.0205078125
0 0.556640625 0.4951171875 0.029296875 0.0302734375
0 0.244140625 0.53125 0.041015625 0.0205078125
0 0.2373046875 0.3388671875 0.03515625 0.0126953125
0 0.5029296875 0.37890625 0.04296875 0.0146484375
0 0.7734375 0.37890625 0.03515625 0.013671875
0 0.7744140625 0.2451171875 0.033203125 0.0205078125
0 0.5244140625 0.2041015625 0.041015625 0.0166015625
0 0.302734375 0.234375 0.0283203125 0.0224609375