2 0.17578125 0.0712890625 0.091796875 0.01953125
2 0.0771484375 0.1376953125 0.044921875 0.0478515625
2 0.296875 0.123046875 0.048828125 0.0498046875
2 0.1865234375 0.1884765625 0.0830078125 0.0244140625
2 0.388671875 0.103515625 0.0478515625 0.0419921875
2 0.4560546875 0.1767578125 0.080078125 0.0283203125
2 0.591796875 0.1396484375 0.0625 0.0517578125
2 0.525390625 0.064453125 0.08984375 0.03515625
2 0.71875 0.087890625 0.0625 0.0390625
2 0.8779296875 0.091796875 0.0673828125 0.04296875
2 0.716796875 0.1669921875 0.068359375 0.0341796875
2 0.8740234375 0.1708984375 0.0654296875 0.0400390625
2 0.1474609375 0.25 0.0830078125 0.0244140625
2 0.076171875 0.3310546875 0.0537109375 0.044921875
2 0.2216796875 0.3662109375 0.0751953125 0.033203125
2 0.2822265625 0.28515625 0.05859375 0.0458984375
2 0.3857421875 0.3095703125 0.0498046875 0.0458984375
2 0.517578125 0.357421875 0.0771484375 0.029296875
2 0.595703125 0.2841796875 0.0595703125 0.0458984375
2 0.46484375 0.240234375 0.0751953125 0.0263671875
2 0.75 0.2451171875 0.0751953125 0.0302734375
2 0.8974609375 0.271484375 0.0576171875 0.0439453125
2 0.8486328125 0.3544921875 0.0673828125 0.0341796875
2 0.7001953125 0.326171875 0.0546875 0.0439453125
2 0.7275390625 0.4296875 0.0634765625 0.0380859375
2 0.8876953125 0.427734375 0.0751953125 0.0341796875
2 0.7314453125 0.517578125 0.0732421875 0.03515625
2 0.8955078125 0.517578125 0.0703125 0.0341796875
2 0.5126953125 0.537109375 0.0966796875 0.0283203125
2 0.59375 0.4609375 0.0439453125 0.0478515625
2 0.458984375 0.4130859375 0.0810546875 0.0224609375
2 0.376953125 0.48828125 0.044921875 0.041015625
2 0.25 0.4443359375 0.0693359375 0.0439453125
2 0.08984375 0.4365234375 0.0869140625 0.0341796875
2 0.0673828125 0.52734375 0.0625 0.0380859375
2 0.2353515625 0.5341796875 0.0654296875 0.03515625
2 0.0849609375 0.62109375 0.0712890625 0.0400390625
2 0.0703125 0.7158203125 0.0703125 0.0400390625
2 0.23828125 0.7216796875 0.05859375 0.0380859375
2 0.2509765625 0.6240234375 0.0703125 0.0361328125
2 0.376953125 0.646484375 0.041015625 0.05078125
2 0.505859375 0.587890625 0.083984375 0.0263671875
2 0.595703125 0.662109375 0.0576171875 0.0478515625
2 0.47265625 0.72265625 0.083984375 0.0322265625
2 0.6943359375 0.6572265625 0.0546875 0.05078125
2 0.8232421875 0.7158203125 0.08984375 0.03125
2 0.931640625 0.6484375 0.046875 0.052734375
2 0.7998046875 0.58984375 0.080078125 0.0283203125
2 0.15625 0.794921875 0.08984375 0.033203125
2 0.0390625 0.87109375 0.04296875 0.05859375
2 0.1767578125 0.9326171875 0.1123046875 0.033203125
2 0.28125 0.859375 0.0546875 0.052734375
2 0.3935546875 0.81640625 0.056640625 0.0546875
2 0.4365234375 0.9072265625 0.0791015625 0.0419921875
2 0.6064453125 0.892578125 0.044921875 0.0498046875
2 0.568359375 0.79296875 0.0849609375 0.041015625
2 0.7138671875 0.845703125 0.0400390625 0.056640625
2 0.8310546875 0.775390625 0.0859375 0.025390625
2 0.9541015625 0.8486328125 0.044921875 0.0498046875
2 0.83984375 0.9169921875 0.0966796875 0.025390625
0 0.9033203125 0.849609375 0.0361328125 0.03125
0 0.5498046875 0.8740234375 0.044921875 0.0263671875
0 0.162109375 0.9033203125 0.046875 0.0185546875
0 0.2236328125 0.6474609375 0.037109375 0.02734375
0 0.4697265625 0.69140625 0.048828125 0.021484375
0 0.875 0.6552734375 0.0283203125 0.0341796875
0 0.8427734375 0.5029296875 0.04296875 0.0205078125
0 0.548828125 0.474609375 0.0302734375 0.02734375
0 0.1943359375 0.5185546875 0.0400390625 0.0185546875
0 0.1728515625 0.2763671875 0.052734375 0.013671875
0 0.494140625 0.3349609375 0.0556640625 0.0185546875
0 0.80859375 0.3359375 0.05078125 0.015625
0 0.8251953125 0.162109375 0.03515625 0.0185546875
0 0.51953125 0.0966796875 0.037109375 0.021484375
0 0.2490234375 0.134765625 0.0322265625 0.0302734375