2 0.1923828125 0.1904296875 0.060546875 0.0166015625
2 0.126953125 0.25390625 0.021484375 0.03125
2 0.2060546875 0.2861328125 0.046875 0.0263671875
2 0.2763671875 0.2236328125 0.0390625 0.0380859375
2 0.341796875 0.1953125 0.044921875 0.037109375
2 0.4453125 0.14453125 0.07421875 0.0185546875
2 0.3994140625 0.2529296875 0.0576171875 0.01953125
2 0.509765625 0.203125 0.033203125 0.0400390625
2 0.6181640625 0.1376953125 0.0537109375 0.0390625
2 0.76171875 0.115234375 0.0673828125 0.037109375
2 0.6171875 0.21484375 0.0546875 0.0244140625
2 0.7646484375 0.1962890625 0.048828125 0.041015625
2 0.1689453125 0.3408203125 0.0556640625 0.0244140625
2 0.1328125 0.41015625 0.0361328125 0.029296875
2 0.23046875 0.431640625 0.046875 0.0244140625
2 0.2724609375 0.359375 0.0498046875 0.037109375
2 0.4072265625 0.3017578125 0.0625 0.0234375
2 0.3427734375 0.3740234375 0.0400390625 0.03515625
2 0.4453125 0.4052734375 0.0537109375 0.02734375
2 0.515625 0.3359375 0.04296875 0.041015625
2 0.6083984375 0.365234375 0.0517578125 0.0361328125
2 0.74609375 0.3828125 0.064453125 0.03515625
2 0.6513671875 0.2822265625 0.06640625 0.03125
2 0.1337890625 0.494140625 0.052734375 0.029296875
2 0.125 0.568359375 0.0439453125 0.029296875
2 0.236328125 0.5703125 0.041015625 0.02734375
2 0.2451171875 0.4951171875 0.0537109375 0.029296875
2 0.4013671875 0.4599609375 0.0693359375 0.0224609375
2 0.3447265625 0.53125 0.03515625 0.0390625
2 0.4501953125 0.5673828125 0.0576171875 0.0234375
2 0.5146484375 0.49609375 0.04296875 0.0361328125
2 0.630859375 0.4599609375 0.05859375 0.0361328125
2 0.6396484375 0.5458984375 0.0615234375 0.0302734375
2 0.7958984375 0.5419921875 0.05859375 0.041015625
2 0.1318359375 0.64453125 0.0537109375 0.033203125
2 0.125 0.7236328125 0.0478515625 0.0341796875
2 0.2392578125 0.728515625 0.0419921875 0.0341796875
2 0.2470703125 0.6484375 0.056640625 0.0302734375
2 0.3408203125 0.671875 0.03125 0.041015625
2 0.4326171875 0.6171875 0.0771484375 0.0166015625
2 0.4189453125 0.740234375 0.0576171875 0.0205078125
2 0.5283203125 0.6884765625 0.03125 0.0439453125
2 0.6103515625 0.68359375 0.033203125 0.041015625
2 0.69921875 0.615234375 0.08203125 0.0244140625
2 0.736328125 0.7509765625 0.07421875 0.01953125
2 0.17578125 0.7919921875 0.0615234375 0.021484375
2 0.10546875 0.8505859375 0.03515625 0.0419921875
2 0.1962890625 0.9130859375 0.060546875 0.01953125
2 0.2705078125 0.8525390625 0.0390625 0.041015625
2 0.35546875 0.8203125 0.046875 0.041015625
2 0.388671875 0.912109375 0.0615234375 0.0361328125
2 0.5244140625 0.9033203125 0.041015625 0.041015625
2 0.490234375 0.8056640625 0.0673828125 0.0302734375
2 0.6279296875 0.873046875 0.0341796875 0.052734375
2 0.736328125 0.8095703125 0.083984375 0.0244140625
2 0.75 0.9560546875 0.080078125 0.025390625
2 0.7900390625 0.455078125 0.080078125 0.0400390625
2 0.837890625 0.6826171875 0.056640625 0.0615234375
2 0.8720703125 0.8955078125 0.052734375 0.0634765625
0 0.818359375 0.8916015625 0.0361328125 0.0263671875
0 0.4892578125 0.8876953125 0.0361328125 0.0244140625
0 0.189453125 0.8837890625 0.04296875 0.0146484375
0 0.2353515625 0.66796875 0.037109375 0.021484375
0 0.2109375 0.5576171875 0.0322265625 0.0166015625
0 0.4833984375 0.51171875 0.0205078125 0.0224609375
0 0.7548828125 0.529296875 0.044921875 0.0224609375
0 0.71875 0.3642578125 0.037109375 0.013671875
0 0.435546875 0.384765625 0.037109375 0.0146484375
0 0.201171875 0.359375 0.033203125 0.015625
0 0.25 0.23828125 0.021484375 0.0244140625
0 0.455078125 0.171875 0.04296875 0.01953125
0 0.7265625 0.1943359375 0.0361328125 0.0185546875
2 0.7978515625 0.296875 0.0615234375 0.046875
0 0.7890625 0.6845703125 0.029296875 0.0283203125
0 0.419921875 0.7109375 0.04296875 0.015625