1 0.453125 0.3408203125 0.0400390625 0.041015625
1 0.2197265625 0.439453125 0.0234375 0.07421875
1 0.0908203125 0.501953125 0.0322265625 0.0478515625
1 0.2666015625 0.2548828125 0.03515625 0.03515625
1 0.1650390625 0.4736328125 0.0283203125 0.0595703125
1 0.080078125 0.369140625 0.0283203125 0.0615234375
1 0.275390625 0.3349609375 0.037109375 0.0283203125
1 0.3125 0.078125 0.033203125 0.037109375
1 0.158203125 0.64453125 0.029296875 0.0634765625
1 0.126953125 0.0751953125 0.0341796875 0.0400390625
1 0.158203125 0.2421875 0.03515625 0.0458984375
1 0.275390625 0.53125 0.0361328125 0.0302734375
1 0.2666015625 0.609375 0.0361328125 0.02734375
1 0.337890625 0.2021484375 0.01953125 0.0625
1 0.0595703125 0.7509765625 0.0263671875 0.0654296875
1 0.736328125 0.541015625 0.0400390625 0.0380859375
1 0.3310546875 0.4287109375 0.017578125 0.064453125
1 0.3818359375 0.3994140625 0.0244140625 0.0625
1 0.412109375 0.5234375 0.037109375 0.0380859375
1 0.7587890625 0.064453125 0.0380859375 0.029296875
1 0.5537109375 0.1025390625 0.033203125 0.0595703125
1 0.3212890625 0.7138671875 0.0166015625 0.068359375
1 0.703125 0.166015625 0.0185546875 0.064453125
1 0.19140625 0.125 0.025390625 0.0634765625
1 0.240234375 0.1328125 0.0234375 0.05859375
1 0.59375 0.3349609375 0.0390625 0.0302734375
1 0.427734375 0.255859375 0.03515625 0.02734375
1 0.583984375 0.5361328125 0.037109375 0.02734375
1 0.4931640625 0.18359375 0.01953125 0.0673828125
1 0.822265625 0.1591796875 0.0166015625 0.0615234375
1 0.71484375 0.810546875 0.0400390625 0.068359375
1 0.5361328125 0.76171875 0.0302734375 0.076171875
1 0.4853515625 0.4697265625 0.025390625 0.0673828125
1 0.69921875 0.4111328125 0.021484375 0.0673828125
1 0.455078125 0.623046875 0.0400390625 0.0498046875
1 0.640625 0.22265625 0.029296875 0.0654296875
1 0.775390625 0.34765625 0.0400390625 0.037109375
1 0.1552734375 0.337890625 0.03515625 0.0478515625
1 0.478515625 0.7666015625 0.03125 0.07421875
1 0.806640625 0.669921875 0.0390625 0.064453125
1 0.6494140625 0.4443359375 0.015625 0.0693359375
1 0.5576171875 0.2333984375 0.03515625 0.0537109375
1 0.0830078125 0.611328125 0.03515625 0.048828125
1 0.6328125 0.0859375 0.03515625 0.0537109375
1 0.2626953125 0.8203125 0.037109375 0.02734375
1 0.818359375 0.48046875 0.0244140625 0.068359375
1 0.765625 0.2607421875 0.0419921875 0.037109375
1 0.091796875 0.193359375 0.0205078125 0.060546875
1 0.2080078125 0.712890625 0.015625 0.0654296875
1 0.453125 0.068359375 0.0341796875 0.029296875
1 0.646484375 0.68359375 0.0283203125 0.0693359375
1 0.3994140625 0.8076171875 0.0400390625 0.0546875
1 0.71875 0.6611328125 0.0361328125 0.0625
1 0.134765625 0.7880859375 0.0341796875 0.052734375
1 0.533203125 0.427734375 0.0146484375 0.064453125
1 0.376953125 0.666015625 0.0302734375 0.0693359375
1 0.6142578125 0.8251953125 0.04296875 0.0537109375
1 0.8056640625 0.8271484375 0.0390625 0.0634765625
1 0.3876953125 0.1435546875 0.017578125 0.0615234375
1 0.5703125 0.623046875 0.0400390625 0.048828125