2 0.18359375 0.0830078125 0.091796875 0.0234375
2 0.0908203125 0.1494140625 0.0419921875 0.0458984375
2 0.2998046875 0.1376953125 0.0498046875 0.0498046875
2 0.205078125 0.2021484375 0.0771484375 0.0302734375
2 0.3955078125 0.111328125 0.0556640625 0.03515625
2 0.5283203125 0.0751953125 0.078125 0.029296875
2 0.4599609375 0.1884765625 0.0927734375 0.025390625
2 0.59375 0.1513671875 0.05078125 0.048828125
2 0.7177734375 0.095703125 0.0703125 0.03515625
2 0.8681640625 0.09765625 0.0654296875 0.037109375
2 0.8662109375 0.181640625 0.0625 0.044921875
2 0.716796875 0.1806640625 0.0810546875 0.0322265625
2 0.7509765625 0.255859375 0.072265625 0.02734375
2 0.888671875 0.28515625 0.056640625 0.0458984375
2 0.6962890625 0.3359375 0.052734375 0.0380859375
2 0.841796875 0.3642578125 0.076171875 0.03515625
2 0.47265625 0.2490234375 0.0791015625 0.02734375
2 0.3916015625 0.322265625 0.05078125 0.041015625
2 0.5986328125 0.294921875 0.0458984375 0.046875
2 0.5166015625 0.3671875 0.076171875 0.02734375
2 0.30078125 0.2998046875 0.0546875 0.044921875
2 0.158203125 0.2646484375 0.083984375 0.025390625
2 0.1015625 0.341796875 0.0537109375 0.0390625
2 0.240234375 0.376953125 0.078125 0.0302734375
2 0.1103515625 0.4501953125 0.0732421875 0.041015625
2 0.1015625 0.53125 0.0595703125 0.0361328125
2 0.2578125 0.537109375 0.0615234375 0.03515625
2 0.2646484375 0.453125 0.0693359375 0.0361328125
2 0.4677734375 0.423828125 0.0771484375 0.025390625
2 0.390625 0.4951171875 0.0458984375 0.041015625
2 0.513671875 0.5390625 0.07421875 0.0234375
2 0.5947265625 0.4658203125 0.0419921875 0.0419921875
2 0.724609375 0.435546875 0.060546875 0.03515625
2 0.7216796875 0.5185546875 0.07421875 0.0361328125
2 0.8759765625 0.5205078125 0.0703125 0.0361328125
2 0.8759765625 0.4365234375 0.064453125 0.03515625
2 0.7880859375 0.5859375 0.0751953125 0.025390625
2 0.685546875 0.650390625 0.0439453125 0.0517578125
2 0.8056640625 0.708984375 0.0849609375 0.0244140625
2 0.9033203125 0.6396484375 0.0400390625 0.0458984375
2 0.5068359375 0.587890625 0.078125 0.0205078125
2 0.3857421875 0.642578125 0.0361328125 0.048828125
2 0.486328125 0.7099609375 0.078125 0.0283203125
2 0.59375 0.65625 0.0380859375 0.0458984375
2 0.2783203125 0.62109375 0.0654296875 0.0361328125
2 0.119140625 0.62109375 0.076171875 0.0478515625
2 0.1083984375 0.70703125 0.068359375 0.0380859375
2 0.2646484375 0.7080078125 0.0546875 0.03515625
2 0.1884765625 0.775390625 0.0869140625 0.029296875
2 0.091796875 0.84375 0.0419921875 0.0498046875
2 0.2177734375 0.8984375 0.0859375 0.025390625
2 0.306640625 0.8330078125 0.048828125 0.0498046875
2 0.408203125 0.79296875 0.0595703125 0.04296875
2 0.451171875 0.880859375 0.076171875 0.0302734375
2 0.6025390625 0.8564453125 0.0498046875 0.04296875
2 0.556640625 0.76953125 0.0712890625 0.0283203125
2 0.701171875 0.8232421875 0.0361328125 0.0517578125
2 0.80859375 0.7587890625 0.0791015625 0.0224609375
2 0.81640625 0.8837890625 0.0908203125 0.021484375
2 0.921875 0.822265625 0.033203125 0.04296875
0 0.8701171875 0.8271484375 0.0302734375 0.02734375
0 0.552734375 0.8486328125 0.041015625 0.0244140625
0 0.197265625 0.8720703125 0.0517578125 0.0185546875
0 0.248046875 0.6416015625 0.041015625 0.01953125
0 0.4736328125 0.681640625 0.0546875 0.0205078125
0 0.85546875 0.6494140625 0.025390625 0.0283203125
0 0.8271484375 0.5078125 0.041015625 0.0244140625
0 0.55078125 0.48046875 0.0263671875 0.021484375
0 0.216796875 0.521484375 0.037109375 0.01953125
0 0.1923828125 0.2900390625 0.05078125 0.0146484375
0 0.4970703125 0.34375 0.05078125 0.0166015625
0 0.8046875 0.3447265625 0.0439453125 0.0185546875
0 0.822265625 0.1728515625 0.0419921875 0.01953125
0 0.5224609375 0.1064453125 0.046875 0.0185546875
0 0.2587890625 0.1484375 0.0302734375 0.0234375