1 0.4873046875 0.3623046875 0.04296875 0.0419921875
1 0.361328125 0.466796875 0.01953125 0.0673828125
1 0.2431640625 0.484375 0.0166015625 0.068359375
1 0.1845703125 0.7099609375 0.03125 0.064453125
1 0.330078125 0.09765625 0.037109375 0.0380859375
1 0.2998046875 0.373046875 0.0390625 0.033203125
1 0.3603515625 0.767578125 0.0185546875 0.072265625
1 0.77734375 0.6748046875 0.0361328125 0.0654296875
1 0.44921875 0.5615234375 0.0390625 0.0419921875
1 0.7451171875 0.16015625 0.0205078125 0.064453125
1 0.1875 0.5302734375 0.0302734375 0.0654296875
1 0.8271484375 0.34375 0.041015625 0.037109375
1 0.1083984375 0.5654296875 0.037109375 0.0478515625
1 0.171875 0.388671875 0.0380859375 0.048828125
1 0.1328125 0.1103515625 0.0361328125 0.044921875
1 0.7490234375 0.416015625 0.0205078125 0.0693359375
1 0.6357421875 0.3466796875 0.041015625 0.03125
1 0.79296875 0.5517578125 0.04296875 0.03515625
1 0.2392578125 0.7822265625 0.017578125 0.076171875
1 0.8681640625 0.6767578125 0.041015625 0.0654296875
1 0.1708984375 0.28515625 0.0380859375 0.048828125
1 0.5283203125 0.810546875 0.0322265625 0.080078125
1 0.3623046875 0.228515625 0.0205078125 0.0673828125
1 0.306640625 0.580078125 0.0390625 0.0341796875
1 0.255859375 0.1630859375 0.0234375 0.064453125
1 0.6171875 0.650390625 0.0390625 0.05078125
1 0.099609375 0.23828125 0.0234375 0.0615234375
1 0.6328125 0.55859375 0.0390625 0.02734375
1 0.5859375 0.107421875 0.03125 0.0654296875
1 0.6669921875 0.0791015625 0.0361328125 0.0546875
1 0.798828125 0.0498046875 0.041015625 0.0341796875
1 0.5869140625 0.80078125 0.0322265625 0.080078125
1 0.8125 0.25390625 0.0439453125 0.0390625
1 0.083984375 0.8330078125 0.0283203125 0.06640625
1 0.875 0.478515625 0.0224609375 0.072265625
1 0.8681640625 0.146484375 0.0205078125 0.068359375
1 0.6826171875 0.2236328125 0.02734375 0.06640625
1 0.09375 0.423828125 0.029296875 0.0625
1 0.697265625 0.4541015625 0.015625 0.068359375
1 0.203125 0.15625 0.02734375 0.0654296875
1 0.671875 0.861328125 0.0380859375 0.0537109375
1 0.4150390625 0.4287109375 0.0234375 0.0654296875
1 0.7802734375 0.837890625 0.041015625 0.0673828125
1 0.5244140625 0.197265625 0.017578125 0.068359375
1 0.57421875 0.44921875 0.0185546875 0.0732421875
1 0.595703125 0.2412109375 0.0361328125 0.0537109375
1 0.10546875 0.677734375 0.037109375 0.0537109375
1 0.8759765625 0.841796875 0.0380859375 0.0634765625
1 0.4990234375 0.6572265625 0.04296875 0.048828125
1 0.45703125 0.275390625 0.0361328125 0.029296875
1 0.5244140625 0.4970703125 0.0234375 0.0703125
1 0.30078125 0.88671875 0.0380859375 0.0341796875
1 0.7021484375 0.7080078125 0.0283203125 0.0732421875
1 0.4443359375 0.8603515625 0.041015625 0.052734375
1 0.2998046875 0.662109375 0.0390625 0.0302734375
1 0.27734375 0.283203125 0.013671875 0.0224609375
1 0.1650390625 0.86328125 0.0361328125 0.0595703125
1 0.41796875 0.7119140625 0.0302734375 0.0732421875
1 0.095703125 0.21875 0.013671875 0.0234375
1 0.4130859375 0.162109375 0.015625 0.0654296875
1 0.478515625 0.0771484375 0.03515625 0.029296875