2 0.2666015625 0.0791015625 0.068359375 0.041015625
2 0.1025390625 0.0791015625 0.0615234375 0.0390625
2 0.1015625 0.1708984375 0.06640625 0.03515625
2 0.263671875 0.1728515625 0.056640625 0.0400390625
0 0.224609375 0.16015625 0.0390625 0.01953125
2 0.4541015625 0.0625 0.0673828125 0.0283203125
2 0.40234375 0.150390625 0.0537109375 0.0390625
2 0.556640625 0.1796875 0.0654296875 0.03515625
0 0.525390625 0.1611328125 0.037109375 0.0166015625
2 0.6044921875 0.08984375 0.0595703125 0.04296875
2 0.8720703125 0.0625 0.0703125 0.0263671875
2 0.71875 0.095703125 0.044921875 0.0390625
2 0.9306640625 0.1494140625 0.046875 0.044921875
2 0.7783203125 0.18359375 0.076171875 0.0234375
0 0.7861328125 0.158203125 0.0390625 0.0185546875
2 0.7685546875 0.251953125 0.06640625 0.033203125
2 0.923828125 0.2685546875 0.0634765625 0.0380859375
2 0.736328125 0.341796875 0.05859375 0.0341796875
2 0.8955078125 0.3583984375 0.0673828125 0.03515625
0 0.888671875 0.2919921875 0.029296875 0.0234375
2 0.5703125 0.2470703125 0.0712890625 0.02734375
2 0.4140625 0.2724609375 0.048828125 0.0400390625
2 0.6123046875 0.3369140625 0.0478515625 0.0419921875
2 0.4609375 0.3623046875 0.0712890625 0.02734375
0 0.474609375 0.3349609375 0.0361328125 0.0185546875
2 0.28125 0.2626953125 0.06640625 0.0380859375
2 0.1181640625 0.2607421875 0.0634765625 0.0380859375
2 0.11328125 0.353515625 0.0634765625 0.0361328125
2 0.2763671875 0.3564453125 0.052734375 0.0380859375
0 0.236328125 0.341796875 0.0322265625 0.01953125
2 0.1220703125 0.4384765625 0.0625 0.03515625
2 0.2822265625 0.4501953125 0.0654296875 0.0341796875
2 0.103515625 0.5263671875 0.0595703125 0.03515625
2 0.26171875 0.537109375 0.0576171875 0.0341796875
0 0.228515625 0.51953125 0.0341796875 0.0185546875
2 0.4990234375 0.4208984375 0.0673828125 0.01953125
2 0.396484375 0.486328125 0.0322265625 0.041015625
2 0.615234375 0.4765625 0.0400390625 0.0419921875
0 0.5693359375 0.4873046875 0.0263671875 0.0234375
2 0.513671875 0.54296875 0.0712890625 0.0234375
2 0.775390625 0.4267578125 0.07421875 0.029296875
2 0.921875 0.4609375 0.05078125 0.0390625
2 0.859375 0.5400390625 0.072265625 0.029296875
2 0.7119140625 0.5048828125 0.0537109375 0.0380859375
0 0.8271484375 0.517578125 0.0361328125 0.0126953125
2 0.9140625 0.626953125 0.0537109375 0.03515625
2 0.7607421875 0.603515625 0.064453125 0.03125
2 0.720703125 0.689453125 0.0546875 0.0400390625
2 0.876953125 0.7119140625 0.0673828125 0.03125
0 0.8388671875 0.6904296875 0.0390625 0.017578125
2 0.505859375 0.5927734375 0.0732421875 0.0166015625
2 0.615234375 0.65625 0.029296875 0.0390625
2 0.3955078125 0.6552734375 0.03125 0.04296875
2 0.5048828125 0.7197265625 0.07421875 0.0146484375
0 0.5673828125 0.66015625 0.0283203125 0.0234375
2 0.287109375 0.6298828125 0.0576171875 0.033203125
2 0.130859375 0.611328125 0.0712890625 0.0341796875
2 0.0947265625 0.69921875 0.052734375 0.0400390625
2 0.2509765625 0.7158203125 0.05859375 0.0302734375
0 0.2197265625 0.6962890625 0.0380859375 0.0185546875
2 0.2197265625 0.7802734375 0.076171875 0.0205078125
2 0.5126953125 0.7705078125 0.0771484375 0.01953125
2 0.7587890625 0.78125 0.0712890625 0.0361328125
2 0.9130859375 0.7998046875 0.05859375 0.0380859375
2 0.8759765625 0.8857421875 0.0693359375 0.0302734375
2 0.7265625 0.869140625 0.0634765625 0.04296875
2 0.61328125 0.8349609375 0.029296875 0.0390625
2 0.396484375 0.828125 0.0322265625 0.0439453125
2 0.5 0.892578125 0.078125 0.015625
2 0.2900390625 0.8603515625 0.0361328125 0.0380859375
2 0.15234375 0.900390625 0.0732421875 0.025390625
2 0.076171875 0.8232421875 0.0478515625 0.048828125
0 0.2451171875 0.853515625 0.0361328125 0.0224609375
0 0.4892578125 0.86328125 0.044921875 0.01953125
0 0.875 0.81640625 0.0322265625 0.0244140625