2 0.19140625 0.1904296875 0.0478515625 0.0234375
2 0.3193359375 0.1884765625 0.0556640625 0.029296875
2 0.1884765625 0.2568359375 0.05078125 0.021484375
2 0.3203125 0.2548828125 0.048828125 0.033203125
0 0.287109375 0.2470703125 0.0341796875 0.017578125
2 0.431640625 0.2373046875 0.0439453125 0.0283203125
2 0.4619140625 0.1748046875 0.0595703125 0.021484375
2 0.5869140625 0.1884765625 0.0478515625 0.0322265625
2 0.556640625 0.25390625 0.056640625 0.029296875
0 0.525390625 0.240234375 0.0341796875 0.01171875
2 0.7919921875 0.1630859375 0.064453125 0.01953125
2 0.6796875 0.1923828125 0.029296875 0.03125
2 0.7353515625 0.2509765625 0.0595703125 0.017578125
2 0.85546875 0.2197265625 0.0341796875 0.037109375
0 0.736328125 0.232421875 0.0302734375 0.013671875
2 0.8720703125 0.3076171875 0.0498046875 0.03125
2 0.7373046875 0.30078125 0.0576171875 0.0263671875
2 0.572265625 0.3017578125 0.068359375 0.0224609375
2 0.4443359375 0.32421875 0.044921875 0.03125
2 0.33203125 0.3193359375 0.064453125 0.03125
2 0.2021484375 0.3203125 0.05859375 0.025390625
2 0.193359375 0.390625 0.0517578125 0.0263671875
2 0.33203125 0.3916015625 0.0498046875 0.0341796875
2 0.4873046875 0.392578125 0.060546875 0.0224609375
2 0.6171875 0.3662109375 0.04296875 0.0341796875
2 0.720703125 0.37109375 0.0546875 0.0302734375
2 0.8564453125 0.3779296875 0.0546875 0.0322265625
0 0.83984375 0.3271484375 0.0322265625 0.0185546875
0 0.49609375 0.37109375 0.03515625 0.017578125
0 0.296875 0.3828125 0.029296875 0.01953125
2 0.9052734375 0.4619140625 0.05078125 0.0380859375
2 0.857421875 0.533203125 0.0654296875 0.0263671875
2 0.72265625 0.505859375 0.0517578125 0.0341796875
2 0.767578125 0.4345703125 0.0634765625 0.0244140625
2 0.630859375 0.484375 0.029296875 0.041015625
2 0.5205078125 0.4365234375 0.07421875 0.0166015625
2 0.4384765625 0.494140625 0.0380859375 0.0380859375
2 0.5400390625 0.5439453125 0.072265625 0.021484375
2 0.3359375 0.466796875 0.05859375 0.0322265625
2 0.1962890625 0.4609375 0.060546875 0.0283203125
2 0.17578125 0.537109375 0.0546875 0.0322265625
2 0.3203125 0.54296875 0.056640625 0.0322265625
0 0.2880859375 0.5283203125 0.033203125 0.0205078125
0 0.591796875 0.4931640625 0.0263671875 0.0205078125
0 0.8271484375 0.5146484375 0.03515625 0.0146484375
2 0.9296875 0.611328125 0.060546875 0.0380859375
2 0.783203125 0.591796875 0.0634765625 0.033203125
2 0.7578125 0.67578125 0.0615234375 0.0400390625
2 0.912109375 0.693359375 0.0654296875 0.03515625
0 0.869140625 0.67578125 0.0458984375 0.0205078125
2 0.6494140625 0.6455078125 0.0380859375 0.04296875
2 0.5419921875 0.5888671875 0.07421875 0.0205078125
2 0.5537109375 0.7099609375 0.0751953125 0.017578125
2 0.4423828125 0.6494140625 0.033203125 0.0458984375
0 0.60546875 0.65234375 0.025390625 0.0244140625
2 0.341796875 0.626953125 0.0615234375 0.0380859375
2 0.1962890625 0.61328125 0.0703125 0.0341796875
2 0.1640625 0.69921875 0.0556640625 0.0380859375
2 0.3095703125 0.7119140625 0.0634765625 0.037109375
0 0.2783203125 0.693359375 0.0380859375 0.0205078125
2 0.3486328125 0.8642578125 0.0390625 0.0400390625
2 0.2041015625 0.912109375 0.07421875 0.02734375
2 0.1357421875 0.8251953125 0.046875 0.046875
2 0.275390625 0.7783203125 0.0791015625 0.02734375
0 0.30078125 0.8603515625 0.037109375 0.0263671875
2 0.4521484375 0.8251953125 0.03515625 0.048828125
2 0.56640625 0.7607421875 0.0751953125 0.0224609375
2 0.5634765625 0.8994140625 0.0869140625 0.0205078125
2 0.67578125 0.8310546875 0.029296875 0.0498046875
2 0.7880859375 0.86328125 0.0693359375 0.0478515625
2 0.953125 0.8818359375 0.0712890625 0.041015625
2 0.966796875 0.787109375 0.0615234375 0.0419921875
2 0.8095703125 0.7666015625 0.076171875 0.0380859375
0 0.93359375 0.8076171875 0.0361328125 0.03125
0 0.546875 0.865234375 0.048828125 0.01953125