2 0.2021484375 0.0849609375 0.07421875 0.01953125
2 0.1103515625 0.15234375 0.0380859375 0.0380859375
2 0.3056640625 0.134765625 0.03515625 0.0458984375
2 0.2109375 0.19921875 0.0615234375 0.0263671875
2 0.392578125 0.107421875 0.04296875 0.0390625
2 0.53125 0.06640625 0.07421875 0.0244140625
2 0.455078125 0.1806640625 0.064453125 0.0185546875
2 0.5947265625 0.1396484375 0.0419921875 0.0458984375
0 0.267578125 0.1474609375 0.0234375 0.0234375
0 0.5263671875 0.0966796875 0.0400390625 0.0205078125
2 0.7255859375 0.078125 0.0576171875 0.03125
2 0.884765625 0.0751953125 0.064453125 0.03515625
2 0.71484375 0.1630859375 0.0634765625 0.0283203125
2 0.876953125 0.162109375 0.05859375 0.041015625
2 0.1640625 0.2607421875 0.068359375 0.0234375
2 0.1064453125 0.337890625 0.0458984375 0.0380859375
2 0.2890625 0.29296875 0.0615234375 0.0390625
2 0.2314453125 0.369140625 0.060546875 0.029296875
2 0.384765625 0.3134765625 0.0380859375 0.0380859375
2 0.4658203125 0.2421875 0.072265625 0.0244140625
2 0.50390625 0.357421875 0.0634765625 0.025390625
2 0.5859375 0.283203125 0.0498046875 0.0478515625
2 0.748046875 0.240234375 0.0751953125 0.029296875
2 0.900390625 0.2666015625 0.0576171875 0.044921875
2 0.689453125 0.3251953125 0.048828125 0.0380859375
2 0.8408203125 0.3544921875 0.0732421875 0.0322265625
2 0.1123046875 0.435546875 0.060546875 0.0322265625
2 0.2548828125 0.443359375 0.0625 0.03515625
2 0.0966796875 0.5185546875 0.05078125 0.0322265625
2 0.2392578125 0.52734375 0.0517578125 0.0341796875
2 0.3740234375 0.4873046875 0.0400390625 0.041015625
2 0.4501953125 0.4169921875 0.076171875 0.02734375
2 0.5751953125 0.4599609375 0.0458984375 0.0439453125
2 0.494140625 0.533203125 0.0703125 0.0244140625
2 0.712890625 0.4287109375 0.0576171875 0.037109375
2 0.876953125 0.4287109375 0.068359375 0.037109375
2 0.7060546875 0.5166015625 0.0673828125 0.0322265625
2 0.87109375 0.521484375 0.0654296875 0.0390625
2 0.1496058359375 0.59352132421875 0.13470731640625 0.581294607421875 0.09063262109375 0.597713357421875 0.07200936328125 0.60854276953125 0.075734103515625 0.620070833984375 0.09746101953125 0.622166912109375 0.1496058359375 0.59352132421875
2 0.255859375 0.6123046875 0.0654296875 0.0322265625
2 0.0927734375 0.689453125 0.0537109375 0.03515625
2 0.2373046875 0.697265625 0.0537109375 0.033203125
2 0.3642578125 0.6357421875 0.0322265625 0.044921875
2 0.48046875 0.58203125 0.083984375 0.021484375
2 0.451171875 0.7080078125 0.0712890625 0.021484375
2 0.5703125 0.6533203125 0.03515625 0.044921875
2 0.7685546875 0.587890625 0.0888671875 0.0234375
2 0.6650390625 0.6552734375 0.0400390625 0.046875
2 0.8994140625 0.650390625 0.0390625 0.04296875
2 0.79296875 0.7177734375 0.07421875 0.01953125
2 0.1630859375 0.7626953125 0.07421875 0.0234375
2 0.0673828125 0.8271484375 0.0380859375 0.0478515625
2 0.1767578125 0.888671875 0.0751953125 0.01953125
2 0.271484375 0.8232421875 0.04296875 0.04296875
2 0.373046875 0.791015625 0.0556640625 0.0439453125
2 0.52734375 0.7724609375 0.072265625 0.0322265625
2 0.408203125 0.880859375 0.0654296875 0.0361328125
2 0.560546875 0.8662109375 0.044921875 0.0400390625
2 0.7861328125 0.7724609375 0.083984375 0.0205078125
2 0.673828125 0.8349609375 0.0400390625 0.052734375
2 0.787109375 0.908203125 0.080078125 0.0224609375
2 0.9111328125 0.845703125 0.03515625 0.044921875
0 0.857421875 0.845703125 0.033203125 0.0224609375
0 0.517578125 0.8515625 0.041015625 0.0234375
0 0.1611328125 0.8583984375 0.0439453125 0.0185546875
0 0.228515625 0.6337890625 0.0302734375 0.02734375
0 0.451171875 0.677734375 0.0390625 0.0205078125
0 0.8486328125 0.65625 0.029296875 0.0283203125
0 0.82421875 0.5048828125 0.04296875 0.021484375
0 0.5361328125 0.4736328125 0.0283203125 0.025390625
0 0.2060546875 0.51171875 0.03515625 0.017578125
0 0.1943359375 0.283203125 0.0380859375 0.0126953125
0 0.4892578125 0.3359375 0.0390625 0.013671875
0 0.8076171875 0.3349609375 0.0390625 0.0146484375
0 0.833984375 0.15234375 0.0390625 0.0185546875