1 0.1943359375 0.091796875 0.0361328125 0.0478515625
1 0.162109375 0.208984375 0.021484375 0.0615234375
1 0.2255859375 0.2568359375 0.0341796875 0.0478515625
1 0.2548828125 0.13671875 0.0283203125 0.0654296875
1 0.373046875 0.0888671875 0.0380859375 0.0419921875
1 0.3046875 0.1494140625 0.025390625 0.0693359375
1 0.3330078125 0.26953125 0.0361328125 0.0390625
1 0.40234375 0.2138671875 0.0224609375 0.068359375
1 0.5146484375 0.07421875 0.0419921875 0.03515625
1 0.44921875 0.1572265625 0.01953125 0.0693359375
1 0.4912109375 0.2685546875 0.041015625 0.0341796875
1 0.55859375 0.189453125 0.01953125 0.076171875
1 0.1513671875 0.3818359375 0.02734375 0.0595703125
1 0.1630859375 0.5146484375 0.0361328125 0.05078125
1 0.2353515625 0.4853515625 0.0283203125 0.0625
1 0.2236328125 0.3505859375 0.037109375 0.052734375
1 0.3388671875 0.3525390625 0.041015625 0.033203125
1 0.287109375 0.453125 0.017578125 0.0703125
1 0.3427734375 0.5390625 0.041015625 0.037109375
1 0.392578125 0.435546875 0.0205078125 0.078125
1 0.443359375 0.4169921875 0.0244140625 0.0703125
1 0.4755859375 0.5400390625 0.0400390625 0.0390625
1 0.5478515625 0.4765625 0.021484375 0.07421875
1 0.513671875 0.3525390625 0.04296875 0.0400390625
1 0.154296875 0.62109375 0.0400390625 0.0537109375
1 0.134765625 0.7607421875 0.0302734375 0.0712890625
1 0.2060546875 0.791015625 0.033203125 0.0537109375
1 0.2265625 0.650390625 0.03125 0.064453125
1 0.3310546875 0.623046875 0.04296875 0.0341796875
1 0.2744140625 0.7255859375 0.01953125 0.0791015625
1 0.330078125 0.8310546875 0.041015625 0.033203125
1 0.3857421875 0.724609375 0.021484375 0.078125
1 0.4404296875 0.681640625 0.02734375 0.07421875
1 0.4619140625 0.8271484375 0.04296875 0.0556640625
1 0.54296875 0.7802734375 0.0263671875 0.078125
1 0.515625 0.640625 0.0439453125 0.0478515625
1 0.6328125 0.646484375 0.0419921875 0.0517578125
1 0.6005859375 0.7880859375 0.03125 0.08203125
1 0.681640625 0.8515625 0.04296875 0.0517578125
1 0.7138671875 0.703125 0.03125 0.0830078125
1 0.7890625 0.6845703125 0.0380859375 0.0693359375
1 0.7900390625 0.8466796875 0.0390625 0.0751953125
1 0.8857421875 0.8564453125 0.037109375 0.068359375
1 0.8837890625 0.6923828125 0.0400390625 0.0712890625
1 0.896484375 0.4970703125 0.0283203125 0.080078125
1 0.8505859375 0.357421875 0.0478515625 0.04296875
1 0.7705078125 0.42578125 0.0244140625 0.07421875
1 0.8125 0.5625 0.044921875 0.04296875
1 0.7177734375 0.4560546875 0.017578125 0.0849609375
1 0.6591796875 0.345703125 0.048828125 0.0322265625
1 0.5966796875 0.4453125 0.0205078125 0.0810546875
1 0.650390625 0.5546875 0.0419921875 0.033203125
1 0.6171875 0.109375 0.0302734375 0.0654296875
1 0.7001953125 0.0869140625 0.041015625 0.0546875
1 0.6259765625 0.25 0.037109375 0.056640625
1 0.7109375 0.228515625 0.03125 0.064453125
1 0.7763671875 0.173828125 0.0234375 0.0732421875
1 0.8427734375 0.2705078125 0.0498046875 0.0439453125
1 0.90234375 0.1591796875 0.0205078125 0.0810546875
1 0.8349609375 0.0654296875 0.0478515625 0.0390625
0 0.8310546875 0.2275390625 0.0244140625 0.029296875
0 0.640625 0.1298828125 0.021484375 0.033203125
0 0.86328125 0.4921875 0.0205078125 0.037109375
0 0.6640625 0.396484375 0.021484375 0.0263671875
0 0.69140625 0.734375 0.013671875 0.044921875
0 0.857421875 0.826171875 0.0234375 0.033203125
0 0.5166015625 0.76953125 0.0205078125 0.0380859375
0 0.3642578125 0.734375 0.0146484375 0.0400390625
0 0.212890625 0.6826171875 0.0166015625 0.0390625
0 0.2177734375 0.3955078125 0.01953125 0.0390625
0 0.3466796875 0.3935546875 0.0205078125 0.0263671875
0 0.46875 0.4189453125 0.0185546875 0.037109375
0 0.5166015625 0.125 0.0244140625 0.0283203125
0 0.3798828125 0.2119140625 0.0185546875 0.0390625
0 0.2158203125 0.2265625 0.0185546875 0.0263671875