2 0.228515625 0.056640625 0.076171875 0.0322265625
2 0.1259765625 0.111328125 0.0537109375 0.0537109375
2 0.341796875 0.123046875 0.0419921875 0.046875
2 0.23828125 0.17578125 0.0859375 0.029296875
2 0.4326171875 0.111328125 0.0419921875 0.041015625
2 0.5498046875 0.0927734375 0.072265625 0.0322265625
2 0.609375 0.1708984375 0.0419921875 0.0419921875
2 0.486328125 0.189453125 0.08203125 0.0283203125
2 0.712890625 0.1337890625 0.0458984375 0.025390625
2 0.83203125 0.1533203125 0.0478515625 0.0400390625
2 0.82421875 0.2236328125 0.05078125 0.03515625
2 0.70703125 0.2080078125 0.0615234375 0.0322265625
2 0.1943359375 0.2333984375 0.0810546875 0.021484375
2 0.12109375 0.3095703125 0.0546875 0.0478515625
2 0.330078125 0.2841796875 0.056640625 0.0478515625
2 0.2666015625 0.3564453125 0.083984375 0.0283203125
2 0.4208984375 0.3115234375 0.0458984375 0.04296875
2 0.5 0.2529296875 0.078125 0.025390625
2 0.609375 0.302734375 0.04296875 0.0439453125
2 0.533203125 0.36328125 0.07421875 0.0244140625
2 0.734375 0.2783203125 0.0625 0.025390625
2 0.685546875 0.3408203125 0.0517578125 0.04296875
2 0.7998046875 0.37890625 0.0712890625 0.0263671875
2 0.8369140625 0.3115234375 0.0439453125 0.0400390625
2 0.1337890625 0.4228515625 0.0712890625 0.0400390625
2 0.1123046875 0.509765625 0.072265625 0.0400390625
2 0.275390625 0.5234375 0.07421875 0.03515625
2 0.2958984375 0.439453125 0.0712890625 0.0400390625
2 0.4892578125 0.416015625 0.072265625 0.0234375
2 0.41015625 0.4794921875 0.0458984375 0.0419921875
2 0.521484375 0.52734375 0.0869140625 0.0244140625
2 0.5986328125 0.462890625 0.041015625 0.0458984375
2 0.7099609375 0.4365234375 0.0517578125 0.0322265625
2 0.828125 0.4423828125 0.052734375 0.03515625
2 0.7080078125 0.5146484375 0.0654296875 0.0322265625
2 0.828125 0.5166015625 0.0498046875 0.033203125
2 0.1357421875 0.603515625 0.0703125 0.037109375
2 0.1171875 0.69921875 0.0673828125 0.0390625
2 0.30078125 0.6083984375 0.0625 0.03515625
2 0.41015625 0.6298828125 0.03125 0.0478515625
2 0.5185546875 0.576171875 0.068359375 0.021484375
2 0.6015625 0.6416015625 0.0380859375 0.04296875
2 0.4931640625 0.6962890625 0.076171875 0.0224609375
2 0.6767578125 0.6357421875 0.0400390625 0.0400390625
2 0.755859375 0.5771484375 0.0654296875 0.0244140625
2 0.84375 0.623046875 0.03125 0.0390625
2 0.7734375 0.685546875 0.0703125 0.0234375
2 0.203125 0.7744140625 0.0810546875 0.0302734375
2 0.08984375 0.8603515625 0.048828125 0.056640625
2 0.216796875 0.9091796875 0.0869140625 0.0302734375
2 0.32421875 0.828125 0.0419921875 0.052734375
2 0.4287109375 0.78125 0.0595703125 0.0458984375
2 0.56640625 0.755859375 0.0751953125 0.033203125
2 0.5966796875 0.8369140625 0.0576171875 0.044921875
2 0.4609375 0.8681640625 0.0859375 0.0341796875
2 0.6845703125 0.79296875 0.0458984375 0.0458984375
2 0.7734375 0.7314453125 0.0615234375 0.0263671875
2 0.857421875 0.787109375 0.0380859375 0.04296875
2 0.77734375 0.845703125 0.0751953125 0.0234375
0 0.818359375 0.7890625 0.0263671875 0.0224609375
0 0.5478515625 0.828125 0.03515625 0.0224609375
0 0.1962890625 0.87890625 0.0380859375 0.021484375
0 0.2626953125 0.630859375 0.03515625 0.0263671875
0 0.486328125 0.6669921875 0.05078125 0.017578125
0 0.8046875 0.630859375 0.029296875 0.0244140625
0 0.787109375 0.5029296875 0.029296875 0.0185546875
0 0.5595703125 0.4716796875 0.02734375 0.0234375
0 0.2373046875 0.505859375 0.03515625 0.0234375
0 0.22265625 0.2646484375 0.056640625 0.0166015625
0 0.509765625 0.3408203125 0.052734375 0.0166015625
0 0.7724609375 0.3603515625 0.033203125 0.0146484375
0 0.787109375 0.2109375 0.0341796875 0.0185546875
0 0.546875 0.1201171875 0.0380859375 0.0205078125
0 0.294921875 0.1298828125 0.0302734375 0.0224609375