1 0.1845703125 0.0927734375 0.037109375 0.052734375
1 0.150390625 0.2060546875 0.0234375 0.0634765625
1 0.2119140625 0.2548828125 0.037109375 0.0439453125
1 0.2412109375 0.13671875 0.0283203125 0.0751953125
1 0.357421875 0.0908203125 0.04296875 0.052734375
1 0.2900390625 0.1474609375 0.025390625 0.0791015625
1 0.3154296875 0.2626953125 0.0380859375 0.0478515625
1 0.3828125 0.2080078125 0.025390625 0.072265625
1 0.4306640625 0.1533203125 0.017578125 0.076171875
1 0.4931640625 0.0732421875 0.0390625 0.0341796875
1 0.5361328125 0.1884765625 0.021484375 0.0859375
1 0.470703125 0.2607421875 0.0419921875 0.046875
1 0.5966796875 0.1064453125 0.0341796875 0.0693359375
1 0.677734375 0.0810546875 0.04296875 0.0654296875
1 0.599609375 0.240234375 0.0380859375 0.0625
1 0.6845703125 0.2255859375 0.037109375 0.072265625
1 0.7529296875 0.1650390625 0.02734375 0.076171875
1 0.8095703125 0.0576171875 0.0498046875 0.0419921875
1 0.8154296875 0.26171875 0.0517578125 0.046875
1 0.876953125 0.15234375 0.0263671875 0.091796875
1 0.8251953125 0.3525390625 0.0546875 0.0498046875
1 0.7451171875 0.4169921875 0.0302734375 0.0810546875
1 0.783203125 0.5517578125 0.05078125 0.0625
1 0.8701171875 0.4892578125 0.0302734375 0.0849609375
1 0.6904296875 0.44921875 0.0205078125 0.0830078125
1 0.6337890625 0.3388671875 0.048828125 0.03515625
1 0.626953125 0.5478515625 0.0517578125 0.0439453125
1 0.5712890625 0.4365234375 0.0244140625 0.0810546875
1 0.5234375 0.4716796875 0.025390625 0.0703125
1 0.4921875 0.349609375 0.044921875 0.0419921875
1 0.423828125 0.408203125 0.025390625 0.076171875
1 0.455078125 0.5322265625 0.0439453125 0.0419921875
1 0.373046875 0.4345703125 0.025390625 0.0810546875
1 0.3212890625 0.3427734375 0.0400390625 0.0380859375
1 0.2724609375 0.4423828125 0.01953125 0.0673828125
1 0.322265625 0.533203125 0.04296875 0.046875
1 0.20703125 0.3447265625 0.0419921875 0.0439453125
1 0.1416015625 0.375 0.033203125 0.064453125
1 0.150390625 0.5009765625 0.0341796875 0.0546875
1 0.2216796875 0.4755859375 0.029296875 0.0703125
1 0.14453125 0.607421875 0.0390625 0.056640625
1 0.123046875 0.7421875 0.0302734375 0.0703125
1 0.19140625 0.7724609375 0.037109375 0.056640625
1 0.212890625 0.6328125 0.0302734375 0.07421875
1 0.3115234375 0.6064453125 0.0458984375 0.03515625
1 0.2607421875 0.7119140625 0.025390625 0.07421875
1 0.30859375 0.8125 0.0419921875 0.0390625
1 0.365234375 0.7109375 0.01953125 0.0859375
1 0.4189453125 0.66796875 0.0283203125 0.0791015625
1 0.4375 0.8115234375 0.0419921875 0.0546875
1 0.5166015625 0.7646484375 0.02734375 0.08203125
1 0.5751953125 0.7685546875 0.03515625 0.09765625
1 0.6064453125 0.6337890625 0.05078125 0.064453125
1 0.6875 0.7001953125 0.0302734375 0.0849609375
1 0.6513671875 0.8408203125 0.048828125 0.0595703125
1 0.7607421875 0.830078125 0.0439453125 0.0751953125
1 0.8564453125 0.8427734375 0.037109375 0.072265625
1 0.857421875 0.6875 0.046875 0.07421875
1 0.76171875 0.67578125 0.0439453125 0.0751953125
0 0.203125 0.224609375 0.0224609375 0.0263671875
0 0.3623046875 0.208984375 0.0185546875 0.0380859375
0 0.4970703125 0.12109375 0.0234375 0.03125
0 0.6171875 0.125 0.0234375 0.0341796875
0 0.80859375 0.2216796875 0.0263671875 0.0263671875
0 0.837890625 0.484375 0.0185546875 0.0419921875
0 0.6376953125 0.3857421875 0.0224609375 0.0244140625
0 0.447265625 0.4140625 0.0205078125 0.0390625
0 0.3271484375 0.3828125 0.0224609375 0.0244140625
0 0.20703125 0.3876953125 0.0224609375 0.0283203125
0 0.197265625 0.669921875 0.015625 0.0390625
0 0.3447265625 0.7177734375 0.013671875 0.0380859375
0 0.4931640625 0.7548828125 0.017578125 0.041015625
0 0.6630859375 0.7197265625 0.0185546875 0.0498046875
0 0.826171875 0.81640625 0.0224609375 0.0341796875