1 0.5595703125 0.8037109375 0.0302734375 0.080078125
1 0.1318359375 0.0888671875 0.033203125 0.0419921875
1 0.5 0.8095703125 0.0302734375 0.07421875
1 0.322265625 0.0888671875 0.03515625 0.0390625
1 0.673828125 0.7255859375 0.0302734375 0.078125
1 0.3974609375 0.7060546875 0.029296875 0.0703125
1 0.0908203125 0.400390625 0.02734375 0.0615234375
1 0.287109375 0.361328125 0.037109375 0.029296875
1 0.099609375 0.6455078125 0.0341796875 0.0498046875
1 0.4208984375 0.8505859375 0.0400390625 0.0537109375
1 0.4716796875 0.0771484375 0.0341796875 0.03125
1 0.25 0.1494140625 0.0234375 0.064453125
1 0.4765625 0.66015625 0.041015625 0.0498046875
1 0.1748046875 0.6806640625 0.03125 0.0595703125
1 0.66015625 0.0888671875 0.0361328125 0.05859375
1 0.2841796875 0.6484375 0.0380859375 0.02734375
1 0.59375 0.6611328125 0.0439453125 0.052734375
1 0.19921875 0.1416015625 0.0263671875 0.06640625
1 0.166015625 0.265625 0.037109375 0.048828125
1 0.640625 0.8720703125 0.0439453125 0.0546875
1 0.0986328125 0.216796875 0.0224609375 0.0615234375
1 0.166015625 0.369140625 0.0361328125 0.0498046875
1 0.1044921875 0.5400390625 0.033203125 0.048828125
1 0.5830078125 0.2529296875 0.0361328125 0.0556640625
1 0.431640625 0.55859375 0.037109375 0.041015625
1 0.576171875 0.1103515625 0.0341796875 0.068359375
1 0.3994140625 0.427734375 0.0234375 0.06640625
1 0.080078125 0.7890625 0.02734375 0.0634765625
1 0.4033203125 0.1572265625 0.017578125 0.06640625
1 0.34765625 0.4580078125 0.017578125 0.0654296875
1 0.7978515625 0.0654296875 0.0390625 0.03125
1 0.2255859375 0.7548828125 0.015625 0.072265625
1 0.279296875 0.27734375 0.0361328125 0.0361328125
1 0.3408203125 0.751953125 0.017578125 0.068359375
1 0.5068359375 0.5009765625 0.025390625 0.0732421875
1 0.4453125 0.2783203125 0.037109375 0.03125
1 0.6103515625 0.5732421875 0.0390625 0.0283203125
1 0.234375 0.470703125 0.0166015625 0.064453125
1 0.6220703125 0.3603515625 0.0419921875 0.0283203125
1 0.1796875 0.5078125 0.02734375 0.0625
1 0.814453125 0.37109375 0.041015625 0.0380859375
1 0.2919921875 0.5673828125 0.037109375 0.0302734375
1 0.748046875 0.8583984375 0.0361328125 0.06640625
1 0.154296875 0.826171875 0.037109375 0.0537109375
1 0.671875 0.2392578125 0.0322265625 0.0693359375
1 0.349609375 0.2216796875 0.0205078125 0.06640625
1 0.5146484375 0.2001953125 0.0205078125 0.072265625
1 0.556640625 0.458984375 0.0146484375 0.0654296875
1 0.6787109375 0.4755859375 0.015625 0.0654296875
1 0.736328125 0.17578125 0.01953125 0.0703125
1 0.28125 0.86328125 0.0361328125 0.02734375
1 0.7509765625 0.697265625 0.0361328125 0.0634765625
1 0.8662109375 0.1689453125 0.017578125 0.068359375
1 0.47265625 0.3662109375 0.0390625 0.0419921875
1 0.841796875 0.8740234375 0.0390625 0.060546875
1 0.7314453125 0.439453125 0.0224609375 0.0712890625
1 0.802734375 0.2783203125 0.04296875 0.03515625
1 0.771484375 0.578125 0.0400390625 0.0380859375
1 0.84375 0.712890625 0.0400390625 0.072265625
1 0.8564453125 0.513671875 0.0263671875 0.07421875