2 0.2109375 0.0693359375 0.0888671875 0.021484375
2 0.1123046875 0.138671875 0.044921875 0.0458984375
2 0.33984375 0.1279296875 0.046875 0.05078125
2 0.232421875 0.2001953125 0.083984375 0.0263671875
2 0.4375 0.1005859375 0.052734375 0.046875
2 0.580078125 0.0595703125 0.0810546875 0.02734375
2 0.6513671875 0.1435546875 0.0537109375 0.0546875
2 0.5087890625 0.1845703125 0.0859375 0.02734375
2 0.787109375 0.0810546875 0.0703125 0.0361328125
2 0.77734375 0.1748046875 0.0751953125 0.04296875
2 0.9443359375 0.1787109375 0.068359375 0.0439453125
0 0.8974609375 0.166015625 0.0380859375 0.0224609375
0 0.5732421875 0.09375 0.05078125 0.021484375
0 0.2919921875 0.138671875 0.033203125 0.02734375
2 0.1875 0.2666015625 0.0830078125 0.0283203125
2 0.125 0.3525390625 0.052734375 0.0478515625
2 0.3349609375 0.3056640625 0.064453125 0.0517578125
2 0.271484375 0.3896484375 0.0810546875 0.0341796875
2 0.4365234375 0.328125 0.05859375 0.044921875
2 0.5732421875 0.37890625 0.0947265625 0.0283203125
2 0.65234375 0.2998046875 0.0546875 0.0517578125
2 0.5234375 0.251953125 0.0888671875 0.02734375
2 0.8173828125 0.2578125 0.078125 0.03515625
2 0.7607421875 0.345703125 0.068359375 0.044921875
2 0.966796875 0.2890625 0.0556640625 0.05078125
2 0.9140625 0.375 0.083984375 0.0322265625
2 0.1455078125 0.4638671875 0.072265625 0.0419921875
2 0.1337890625 0.55078125 0.0693359375 0.04296875
2 0.294921875 0.55859375 0.0556640625 0.0380859375
2 0.4423828125 0.5126953125 0.05859375 0.046875
2 0.5712890625 0.5615234375 0.0771484375 0.02734375
2 0.650390625 0.4873046875 0.0498046875 0.046875
2 0.5185546875 0.4375 0.09375 0.02734375
2 0.78515625 0.451171875 0.05859375 0.041015625
2 0.9423828125 0.4501953125 0.078125 0.0361328125
2 0.78515625 0.5390625 0.076171875 0.0390625
2 0.9462890625 0.5390625 0.06640625 0.041015625
2 0.3203125 0.64453125 0.0693359375 0.0302734375
2 0.158203125 0.642578125 0.0732421875 0.041015625
2 0.1533203125 0.7333984375 0.0703125 0.0380859375
2 0.3125 0.7333984375 0.060546875 0.03515625
2 0.5361328125 0.736328125 0.0859375 0.02734375
2 0.4345703125 0.6650390625 0.0439453125 0.048828125
2 0.556640625 0.611328125 0.087890625 0.0244140625
2 0.6552734375 0.6806640625 0.046875 0.0498046875
2 0.8505859375 0.607421875 0.080078125 0.0244140625
2 0.748046875 0.67578125 0.0517578125 0.0458984375
2 0.9716796875 0.6650390625 0.0400390625 0.0439453125
2 0.8681640625 0.7333984375 0.0859375 0.025390625
2 0.873046875 0.78515625 0.08203125 0.0244140625
2 0.9853515625 0.845703125 0.0283203125 0.0458984375
2 0.87109375 0.9052734375 0.0966796875 0.029296875
2 0.76171875 0.845703125 0.0517578125 0.0498046875
2 0.6240234375 0.796875 0.0751953125 0.02734375
2 0.46484375 0.8203125 0.064453125 0.046875
2 0.5048828125 0.90625 0.078125 0.0361328125
2 0.658203125 0.8837890625 0.05078125 0.0380859375
2 0.3603515625 0.8583984375 0.0439453125 0.04296875
2 0.2607421875 0.9296875 0.08203125 0.02734375
2 0.134765625 0.8720703125 0.0478515625 0.048828125
2 0.2333984375 0.802734375 0.0888671875 0.0283203125
0 0.244140625 0.8994140625 0.044921875 0.021484375
0 0.607421875 0.8701171875 0.046875 0.021484375
0 0.9296875 0.8505859375 0.0361328125 0.025390625
0 0.9208984375 0.6728515625 0.02734375 0.025390625
0 0.52734375 0.70703125 0.0458984375 0.0185546875
0 0.2939453125 0.666015625 0.03515625 0.021484375
0 0.2568359375 0.5400390625 0.044921875 0.01953125
0 0.603515625 0.498046875 0.03515625 0.029296875
0 0.896484375 0.525390625 0.0458984375 0.0205078125
0 0.8740234375 0.353515625 0.044921875 0.021484375
0 0.5498046875 0.353515625 0.0458984375 0.0185546875
0 0.224609375 0.2939453125 0.0546875 0.0166015625