1 0.1708984375 0.212890625 0.0380859375 0.0439453125
1 0.3720703125 0.220703125 0.0380859375 0.041015625
1 0.2197265625 0.5068359375 0.0361328125 0.044921875
1 0.244140625 0.2705078125 0.0283203125 0.064453125
1 0.3447265625 0.498046875 0.0390625 0.0302734375
1 0.71875 0.2216796875 0.037109375 0.0595703125
1 0.6318359375 0.240234375 0.037109375 0.0712890625
1 0.14453125 0.533203125 0.02734375 0.0615234375
1 0.1630859375 0.6728515625 0.0341796875 0.0478515625
1 0.2978515625 0.28125 0.0244140625 0.0654296875
1 0.1630859375 0.7841796875 0.033203125 0.05078125
1 0.2158203125 0.4033203125 0.0390625 0.046875
1 0.53515625 0.79296875 0.0390625 0.0478515625
1 0.650390625 0.794921875 0.0390625 0.0517578125
1 0.3486328125 0.78125 0.0380859375 0.0302734375
1 0.1435546875 0.3466796875 0.025390625 0.0654296875
1 0.7294921875 0.8544921875 0.0263671875 0.0693359375
1 0.3310546875 0.4130859375 0.03515625 0.0380859375
1 0.5302734375 0.5 0.0400390625 0.041015625
1 0.7275390625 0.373046875 0.033203125 0.0673828125
1 0.4580078125 0.8369140625 0.025390625 0.0693359375
1 0.5244140625 0.2060546875 0.0380859375 0.0380859375
1 0.3525390625 0.701171875 0.0361328125 0.0302734375
1 0.2412109375 0.8154296875 0.03125 0.0634765625
1 0.455078125 0.2880859375 0.017578125 0.0673828125
1 0.2919921875 0.60546875 0.0166015625 0.0654296875
1 0.2392578125 0.6435546875 0.025390625 0.060546875
1 0.8583984375 0.197265625 0.04296875 0.0322265625
1 0.4052734375 0.359375 0.0234375 0.0673828125
1 0.677734375 0.49609375 0.037109375 0.029296875
1 0.5625 0.931640625 0.0244140625 0.0712890625
1 0.4052734375 0.87890625 0.017578125 0.0625
1 0.869140625 0.509765625 0.041015625 0.0380859375
1 0.455078125 0.5654296875 0.021484375 0.064453125
1 0.6181640625 0.9296875 0.029296875 0.07421875
1 0.404296875 0.595703125 0.017578125 0.0654296875
1 0.8046875 0.828125 0.03515625 0.064453125
1 0.498046875 0.412109375 0.037109375 0.0361328125
1 0.29296875 0.88671875 0.0166015625 0.0712890625
1 0.2255859375 0.94921875 0.033203125 0.05078125
1 0.63671875 0.38671875 0.03515625 0.0546875
1 0.150390625 0.9208984375 0.029296875 0.0634765625
1 0.7890625 0.576171875 0.0224609375 0.0732421875
1 0.568359375 0.3369140625 0.0205078125 0.068359375
1 0.3515625 0.9833984375 0.037109375 0.0283203125
1 0.892578125 0.8408203125 0.0380859375 0.06640625
1 0.7353515625 0.611328125 0.0166015625 0.0732421875
1 0.7998046875 0.9736328125 0.0380859375 0.052734375
1 0.6669921875 0.70703125 0.0390625 0.0302734375
1 0.7958984375 0.3125 0.0185546875 0.072265625
1 0.490234375 0.693359375 0.0380859375 0.04296875
1 0.484375 0.9755859375 0.0390625 0.046875
1 0.7001953125 0.984375 0.0361328125 0.0302734375
1 0.8603515625 0.41796875 0.04296875 0.029296875
1 0.8271484375 0.712890625 0.04296875 0.0390625
1 0.9091796875 0.6474609375 0.025390625 0.0712890625
1 0.6123046875 0.595703125 0.013671875 0.064453125
1 0.8916015625 0.98046875 0.0322265625 0.0390625
1 0.9267578125 0.3037109375 0.0185546875 0.072265625
1 0.564453125 0.6337890625 0.0283203125 0.0732421875