2 0.1904296875 0.099609375 0.0751953125 0.0244140625
2 0.09765625 0.166015625 0.033203125 0.0380859375
2 0.3046875 0.1494140625 0.03515625 0.0458984375
2 0.2021484375 0.2158203125 0.07421875 0.0302734375
2 0.3935546875 0.12109375 0.044921875 0.0361328125
2 0.5263671875 0.08203125 0.0830078125 0.0302734375
2 0.59375 0.15625 0.048828125 0.0478515625
2 0.453125 0.197265625 0.0693359375 0.0224609375
2 0.7255859375 0.095703125 0.056640625 0.03125
2 0.7197265625 0.1787109375 0.0634765625 0.03125
2 0.8818359375 0.1796875 0.056640625 0.041015625
2 0.884765625 0.095703125 0.0654296875 0.0390625
2 0.1630859375 0.2763671875 0.0693359375 0.02734375
2 0.0966796875 0.353515625 0.0390625 0.0361328125
2 0.2958984375 0.310546875 0.05078125 0.0419921875
2 0.228515625 0.388671875 0.0732421875 0.0283203125
2 0.3857421875 0.3291015625 0.04296875 0.0400390625
2 0.46875 0.2568359375 0.0869140625 0.02734375
2 0.5966796875 0.3017578125 0.048828125 0.05078125
2 0.513671875 0.375 0.0693359375 0.02734375
2 0.7001953125 0.33984375 0.0517578125 0.0400390625
2 0.7529296875 0.255859375 0.0712890625 0.0322265625
2 0.9072265625 0.2822265625 0.0546875 0.0458984375
2 0.8515625 0.3681640625 0.083984375 0.0341796875
2 0.1103515625 0.4560546875 0.0673828125 0.0302734375
2 0.091796875 0.5390625 0.0537109375 0.0390625
2 0.244140625 0.5498046875 0.0546875 0.03515625
2 0.259765625 0.4638671875 0.0712890625 0.0380859375
2 0.3818359375 0.505859375 0.0517578125 0.0439453125
2 0.4619140625 0.435546875 0.0869140625 0.0224609375
2 0.5927734375 0.4775390625 0.05078125 0.052734375
2 0.5078125 0.5498046875 0.080078125 0.03515625
2 0.7294921875 0.4423828125 0.068359375 0.0380859375
2 0.8974609375 0.4423828125 0.0693359375 0.037109375
2 0.8955078125 0.5322265625 0.0615234375 0.04296875
2 0.724609375 0.53125 0.072265625 0.03515625
2 0.1123046875 0.62890625 0.0732421875 0.037109375
2 0.2607421875 0.634765625 0.056640625 0.0322265625
2 0.376953125 0.66015625 0.0419921875 0.0478515625
2 0.5 0.6064453125 0.083984375 0.021484375
2 0.5986328125 0.6728515625 0.0419921875 0.05078125
2 0.470703125 0.73046875 0.0830078125 0.025390625
2 0.24609375 0.7265625 0.06640625 0.0390625
2 0.0947265625 0.7177734375 0.0634765625 0.041015625
2 0.6904296875 0.6708984375 0.048828125 0.0498046875
2 0.7978515625 0.6005859375 0.08984375 0.02734375
2 0.92578125 0.6650390625 0.0439453125 0.046875
2 0.822265625 0.7333984375 0.0888671875 0.0234375
2 0.1728515625 0.7939453125 0.0810546875 0.025390625
2 0.0673828125 0.865234375 0.0419921875 0.0537109375
2 0.2900390625 0.857421875 0.0478515625 0.0458984375
2 0.1865234375 0.9267578125 0.0771484375 0.0234375
2 0.4375 0.9150390625 0.0810546875 0.037109375
2 0.5947265625 0.896484375 0.0595703125 0.0419921875
2 0.552734375 0.8017578125 0.07421875 0.037109375
2 0.39453125 0.822265625 0.0556640625 0.05078125
2 0.826171875 0.791015625 0.0810546875 0.0224609375
2 0.7060546875 0.8564453125 0.0390625 0.05078125
2 0.826171875 0.9306640625 0.08984375 0.029296875
2 0.9501953125 0.8662109375 0.044921875 0.05078125
0 0.8935546875 0.8681640625 0.03515625 0.0302734375
0 0.544921875 0.8818359375 0.037109375 0.025390625
0 0.1767578125 0.8974609375 0.0458984375 0.01953125
0 0.2353515625 0.65625 0.033203125 0.025390625
0 0.470703125 0.7021484375 0.048828125 0.0205078125
0 0.8759765625 0.6708984375 0.0234375 0.02734375
0 0.8447265625 0.5185546875 0.04296875 0.0224609375
0 0.55078125 0.4921875 0.0263671875 0.021484375
0 0.2099609375 0.5341796875 0.037109375 0.0244140625
0 0.1953125 0.3017578125 0.0556640625 0.015625
0 0.4990234375 0.3525390625 0.0390625 0.0146484375
0 0.818359375 0.3486328125 0.046875 0.0166015625
0 0.8330078125 0.169921875 0.037109375 0.01953125
0 0.5244140625 0.11328125 0.0400390625 0.0185546875
0 0.2646484375 0.162109375 0.03125 0.01953125