2 0.19921875 0.09765625 0.076171875 0.021484375
2 0.552734375 0.08984375 0.08203125 0.0244140625
2 0.7490234375 0.11328125 0.0634765625 0.0361328125
2 0.9033203125 0.1142578125 0.0634765625 0.041015625
2 0.7431640625 0.201171875 0.0654296875 0.033203125
2 0.8984375 0.203125 0.05859375 0.0380859375
2 0.6240234375 0.16796875 0.046875 0.0458984375
2 0.4140625 0.1298828125 0.04296875 0.0390625
2 0.318359375 0.1533203125 0.0390625 0.0458984375
2 0.10546875 0.1640625 0.03515625 0.041015625
2 0.224609375 0.2197265625 0.0712890625 0.0283203125
2 0.4833984375 0.2109375 0.0703125 0.021484375
2 0.1767578125 0.287109375 0.072265625 0.02734375
2 0.4931640625 0.2744140625 0.07421875 0.0263671875
2 0.7744140625 0.279296875 0.0673828125 0.0283203125
2 0.916015625 0.30859375 0.0517578125 0.041015625
2 0.716796875 0.361328125 0.05078125 0.037109375
2 0.6201171875 0.318359375 0.044921875 0.0439453125
2 0.4130859375 0.3466796875 0.0390625 0.0390625
2 0.3173828125 0.3212890625 0.0546875 0.041015625
2 0.1181640625 0.3642578125 0.0458984375 0.0390625
2 0.2587890625 0.4013671875 0.0693359375 0.02734375
2 0.5400390625 0.3916015625 0.0703125 0.025390625
2 0.8623046875 0.390625 0.0712890625 0.029296875
2 0.7431640625 0.462890625 0.0556640625 0.03515625
2 0.8974609375 0.462890625 0.0615234375 0.0361328125
2 0.740234375 0.5458984375 0.068359375 0.03515625
2 0.8935546875 0.546875 0.0625 0.0361328125
2 0.4833984375 0.4501953125 0.0830078125 0.0263671875
2 0.6142578125 0.4951171875 0.04296875 0.041015625
2 0.4072265625 0.51953125 0.044921875 0.0400390625
2 0.5322265625 0.564453125 0.0654296875 0.021484375
2 0.2880859375 0.4775390625 0.0634765625 0.033203125
2 0.1337890625 0.4716796875 0.0615234375 0.033203125
2 0.1220703125 0.5537109375 0.05859375 0.037109375
2 0.2763671875 0.5615234375 0.052734375 0.03515625
2 0.1416015625 0.640625 0.0693359375 0.0380859375
2 0.2919921875 0.6455078125 0.0615234375 0.0302734375
2 0.5205078125 0.615234375 0.0830078125 0.017578125
2 0.6171875 0.6796875 0.025390625 0.04296875
2 0.798828125 0.615234375 0.0654296875 0.0244140625
2 0.91796875 0.669921875 0.03515625 0.041015625
2 0.7060546875 0.6767578125 0.04296875 0.044921875
2 0.4033203125 0.6669921875 0.03515625 0.0439453125
2 0.2841796875 0.7314453125 0.05859375 0.0341796875
2 0.1357421875 0.7265625 0.064453125 0.0341796875
2 0.50390625 0.7333984375 0.0771484375 0.01953125
2 0.8232421875 0.732421875 0.07421875 0.025390625
2 0.8212890625 0.7822265625 0.0732421875 0.021484375
2 0.712890625 0.8427734375 0.03125 0.048828125
2 0.9287109375 0.84375 0.0322265625 0.041015625
2 0.8212890625 0.90234375 0.0830078125 0.021484375
2 0.578125 0.7939453125 0.0703125 0.0283203125
2 0.4287109375 0.8134765625 0.0498046875 0.0419921875
2 0.46484375 0.8984375 0.0732421875 0.03515625
2 0.615234375 0.8759765625 0.044921875 0.037109375
2 0.328125 0.8466796875 0.044921875 0.0458984375
2 0.2119140625 0.7958984375 0.0732421875 0.0263671875
2 0.1123046875 0.8623046875 0.044921875 0.046875
2 0.2314453125 0.912109375 0.07421875 0.0244140625
0 0.55078125 0.12109375 0.041015625 0.01953125
0 0.279296875 0.1650390625 0.0361328125 0.03125
0 0.8505859375 0.1923828125 0.0380859375 0.01953125
0 0.2109375 0.310546875 0.046875 0.0185546875
0 0.517578125 0.369140625 0.037109375 0.017578125
0 0.830078125 0.37109375 0.044921875 0.01953125
0 0.236328125 0.5458984375 0.0380859375 0.01953125
0 0.5712890625 0.5068359375 0.0302734375 0.02734375
0 0.8466796875 0.533203125 0.041015625 0.01953125
0 0.87109375 0.673828125 0.0322265625 0.0244140625
0 0.494140625 0.705078125 0.037109375 0.0166015625
0 0.2705078125 0.666015625 0.03515625 0.0224609375
0 0.21875 0.88671875 0.041015625 0.015625
0 0.56640625 0.865234375 0.037109375 0.017578125
0 0.8779296875 0.845703125 0.02734375 0.01953125