1 0.3203125 0.3056640625 0.037109375 0.02734375
1 0.49609375 0.3125 0.0419921875 0.041015625
1 0.6875 0.189453125 0.0322265625 0.06640625
1 0.8798828125 0.123046875 0.017578125 0.06640625
1 0.3564453125 0.044921875 0.0341796875 0.0380859375
1 0.142578125 0.4697265625 0.0302734375 0.044921875
1 0.265625 0.40625 0.0146484375 0.0625
1 0.203125 0.3076171875 0.0341796875 0.046875
1 0.3662109375 0.677734375 0.0166015625 0.0634765625
1 0.853515625 0.6484375 0.0390625 0.0634765625
1 0.375 0.3984375 0.017578125 0.0654296875
1 0.7587890625 0.7919921875 0.037109375 0.0673828125
1 0.8271484375 0.3193359375 0.041015625 0.0390625
1 0.3125 0.2236328125 0.03515625 0.0361328125
1 0.681640625 0.048828125 0.0341796875 0.0576171875
1 0.81640625 0.2294921875 0.0419921875 0.037109375
1 0.173828125 0.0439453125 0.033203125 0.0419921875
1 0.255859375 0.6767578125 0.015625 0.0625
1 0.3203125 0.4990234375 0.0361328125 0.029296875
1 0.7841796875 0.5185546875 0.0419921875 0.0380859375
1 0.208984375 0.607421875 0.029296875 0.05859375
1 0.4248046875 0.3701171875 0.0234375 0.0615234375
1 0.5986328125 0.0673828125 0.033203125 0.0634765625
1 0.6376953125 0.3076171875 0.0361328125 0.029296875
1 0.2373046875 0.0927734375 0.0234375 0.0595703125
1 0.5185546875 0.736328125 0.0302734375 0.0712890625
1 0.4970703125 0.0322265625 0.0361328125 0.03125
1 0.693359375 0.4169921875 0.0166015625 0.072265625
1 0.8125 0.0234375 0.0390625 0.0302734375
1 0.4306640625 0.1103515625 0.017578125 0.0625
1 0.6259765625 0.5107421875 0.0380859375 0.029296875
1 0.576171875 0.7333984375 0.029296875 0.076171875
1 0.5302734375 0.439453125 0.025390625 0.0673828125
1 0.470703125 0.2265625 0.0361328125 0.03125
1 0.5751953125 0.40234375 0.0166015625 0.0712890625
1 0.185546875 0.74609375 0.033203125 0.052734375
1 0.1162109375 0.7109375 0.0244140625 0.0615234375
1 0.6533203125 0.8017578125 0.0419921875 0.0546875
1 0.3076171875 0.7822265625 0.03515625 0.025390625
1 0.1328125 0.3369140625 0.02734375 0.0576171875
1 0.74609375 0.3837890625 0.0224609375 0.0712890625
1 0.537109375 0.150390625 0.01953125 0.0712890625
1 0.3828125 0.1708984375 0.0205078125 0.0634765625
1 0.28515625 0.1005859375 0.021484375 0.0595703125
1 0.763671875 0.6376953125 0.037109375 0.0615234375
1 0.2158203125 0.44140625 0.0244140625 0.05859375
1 0.8515625 0.806640625 0.0390625 0.0625
1 0.142578125 0.1640625 0.0205078125 0.05859375
1 0.7529296875 0.1328125 0.0185546875 0.0693359375
1 0.4970703125 0.595703125 0.0390625 0.048828125
1 0.20703125 0.2099609375 0.033203125 0.04296875
1 0.1376953125 0.572265625 0.03515625 0.048828125
1 0.6884765625 0.6611328125 0.0283203125 0.0712890625
1 0.6015625 0.201171875 0.037109375 0.0546875
1 0.8681640625 0.455078125 0.0244140625 0.0693359375
1 0.4541015625 0.49609375 0.0341796875 0.03515625
1 0.4404296875 0.7763671875 0.0361328125 0.046875
1 0.4189453125 0.63671875 0.02734375 0.0654296875
1 0.314453125 0.578125 0.0380859375 0.0283203125
1 0.611328125 0.5986328125 0.041015625 0.048828125