2 0.271484375 0.0927734375 0.064453125 0.037109375
2 0.1142578125 0.0908203125 0.0615234375 0.0283203125
2 0.1083984375 0.1796875 0.060546875 0.0302734375
2 0.267578125 0.1796875 0.056640625 0.0400390625
0 0.23046875 0.169921875 0.0380859375 0.01953125
2 0.455078125 0.0771484375 0.06640625 0.0283203125
2 0.40234375 0.16015625 0.048828125 0.037109375
2 0.603515625 0.103515625 0.052734375 0.041015625
2 0.5537109375 0.1865234375 0.0634765625 0.033203125
0 0.5234375 0.169921875 0.037109375 0.0166015625
2 0.86328125 0.076171875 0.0634765625 0.02734375
2 0.7158203125 0.1083984375 0.0380859375 0.03515625
2 0.921875 0.15625 0.0478515625 0.041015625
2 0.7724609375 0.1884765625 0.0712890625 0.0205078125
0 0.7783203125 0.166015625 0.0400390625 0.01953125
2 0.1201171875 0.2626953125 0.060546875 0.033203125
2 0.283203125 0.2685546875 0.0654296875 0.0380859375
2 0.275390625 0.357421875 0.0556640625 0.0390625
2 0.11328125 0.353515625 0.0595703125 0.041015625
2 0.458984375 0.361328125 0.0712890625 0.0283203125
2 0.41796875 0.2744140625 0.0576171875 0.0400390625
2 0.5712890625 0.2529296875 0.0703125 0.0322265625
2 0.6123046875 0.3388671875 0.0625 0.0439453125
2 0.7685546875 0.25390625 0.0654296875 0.037109375
2 0.927734375 0.271484375 0.0615234375 0.0439453125
2 0.8984375 0.3583984375 0.076171875 0.0361328125
0 0.2373046875 0.3447265625 0.0361328125 0.0166015625
0 0.4755859375 0.3369140625 0.0380859375 0.0205078125
0 0.88671875 0.2939453125 0.03125 0.0224609375
2 0.1201171875 0.4375 0.0625 0.0361328125
2 0.09375 0.5263671875 0.0625 0.037109375
2 0.28125 0.451171875 0.0654296875 0.0380859375
2 0.2578125 0.5390625 0.068359375 0.0361328125
2 0.5009765625 0.419921875 0.0703125 0.01953125
2 0.3955078125 0.4853515625 0.0380859375 0.04296875
2 0.6181640625 0.48046875 0.037109375 0.0439453125
2 0.5107421875 0.5458984375 0.080078125 0.0205078125
2 0.7822265625 0.423828125 0.072265625 0.029296875
2 0.9326171875 0.4609375 0.05078125 0.0419921875
2 0.8681640625 0.5439453125 0.0771484375 0.02734375
2 0.716796875 0.5048828125 0.0625 0.04296875
0 0.22265625 0.5205078125 0.0439453125 0.0185546875
0 0.5703125 0.4873046875 0.03125 0.0234375
0 0.8349609375 0.5205078125 0.0439453125 0.0185546875
2 0.1201171875 0.6142578125 0.07421875 0.0380859375
2 0.5126953125 0.59765625 0.087890625 0.0224609375
2 0.078125 0.7060546875 0.05859375 0.0400390625
2 0.2412109375 0.728515625 0.0673828125 0.0341796875
2 0.501953125 0.728515625 0.0791015625 0.0234375
2 0.3916015625 0.6591796875 0.0380859375 0.0498046875
2 0.6181640625 0.666015625 0.03515625 0.0439453125
2 0.2822265625 0.63671875 0.0615234375 0.0390625
2 0.7763671875 0.60546875 0.0810546875 0.0361328125
2 0.9326171875 0.634765625 0.0615234375 0.041015625
2 0.7333984375 0.6953125 0.0654296875 0.0419921875
2 0.8916015625 0.72265625 0.07421875 0.033203125
0 0.2080078125 0.703125 0.0380859375 0.0234375
0 0.5703125 0.669921875 0.03515625 0.0263671875
0 0.8525390625 0.7001953125 0.04296875 0.01953125
2 0.2060546875 0.796875 0.0771484375 0.0244140625
2 0.279296875 0.8857421875 0.0322265625 0.044921875
2 0.123046875 0.9287109375 0.06640625 0.0234375
2 0.3896484375 0.84765625 0.0400390625 0.0517578125
2 0.5185546875 0.78515625 0.076171875 0.0234375
2 0.625 0.857421875 0.0322265625 0.04296875
2 0.5 0.9228515625 0.0830078125 0.025390625
2 0.779296875 0.7939453125 0.0703125 0.044921875
2 0.9423828125 0.8232421875 0.0595703125 0.0439453125
2 0.9033203125 0.916015625 0.0751953125 0.0400390625
2 0.736328125 0.8916015625 0.0546875 0.0439453125
0 0.4912109375 0.8876953125 0.0478515625 0.0234375
0 0.228515625 0.876953125 0.041015625 0.03125
0 0.8984375 0.8369140625 0.03515625 0.0244140625