1 0.544921875 0.6923828125 0.0439453125 0.0576171875
1 0.2529296875 0.5927734375 0.0361328125 0.029296875
1 0.2841796875 0.126953125 0.0361328125 0.0380859375
1 0.2421875 0.310546875 0.03515625 0.0361328125
1 0.2509765625 0.392578125 0.0390625 0.0283203125
1 0.2451171875 0.671875 0.0361328125 0.02734375
1 0.1337890625 0.3984375 0.0361328125 0.046875
1 0.298828125 0.7734375 0.0166015625 0.06640625
1 0.1005859375 0.126953125 0.03515625 0.0419921875
1 0.1982421875 0.498046875 0.0166015625 0.0625
1 0.4296875 0.400390625 0.037109375 0.0390625
1 0.0703125 0.666015625 0.033203125 0.0478515625
1 0.1220703125 0.83984375 0.0322265625 0.05078125
1 0.140625 0.703125 0.0302734375 0.0615234375
1 0.166015625 0.17578125 0.025390625 0.0615234375
1 0.3623046875 0.1953125 0.01953125 0.064453125
1 0.1357421875 0.2998046875 0.03515625 0.0458984375
1 0.0517578125 0.8046875 0.0263671875 0.0625
1 0.2138671875 0.1865234375 0.0234375 0.0634765625
1 0.306640625 0.4892578125 0.017578125 0.0634765625
1 0.470703125 0.236328125 0.0166015625 0.06640625
1 0.0703125 0.2509765625 0.021484375 0.0615234375
1 0.748046875 0.10546875 0.0400390625 0.0322265625
1 0.3125 0.2568359375 0.01953125 0.0625
1 0.6201171875 0.279296875 0.03515625 0.0693359375
1 0.5732421875 0.3955078125 0.037109375 0.0322265625
1 0.7880859375 0.7470703125 0.0361328125 0.0615234375
1 0.0625 0.427734375 0.02734375 0.0595703125
1 0.4296875 0.115234375 0.03515625 0.0322265625
1 0.388671875 0.5869140625 0.0361328125 0.0390625
1 0.509765625 0.4912109375 0.0166015625 0.0703125
1 0.4033203125 0.3125 0.03515625 0.03125
1 0.1904296875 0.771484375 0.015625 0.064453125
1 0.3759765625 0.8720703125 0.0361328125 0.05078125
1 0.8134765625 0.208984375 0.0166015625 0.072265625
1 0.431640625 0.689453125 0.0400390625 0.048828125
1 0.626953125 0.509765625 0.015625 0.0673828125
1 0.5615234375 0.603515625 0.041015625 0.03125
1 0.5380859375 0.291015625 0.037109375 0.0576171875
1 0.0751953125 0.5615234375 0.0302734375 0.048828125
1 0.4619140625 0.53125 0.025390625 0.068359375
1 0.2421875 0.8779296875 0.033203125 0.025390625
1 0.453125 0.8291015625 0.029296875 0.0712890625
1 0.6220703125 0.7548828125 0.03125 0.076171875
1 0.7158203125 0.6103515625 0.0390625 0.041015625
1 0.146484375 0.5302734375 0.025390625 0.0634765625
1 0.7587890625 0.41015625 0.0419921875 0.04296875
1 0.533203125 0.1474609375 0.0380859375 0.0712890625
1 0.8017578125 0.548828125 0.025390625 0.0703125
1 0.6865234375 0.216796875 0.0185546875 0.0751953125
1 0.6142578125 0.1318359375 0.0380859375 0.0634765625
1 0.6943359375 0.73046875 0.037109375 0.0634765625
1 0.6796875 0.4755859375 0.0234375 0.0712890625
1 0.509765625 0.828125 0.02734375 0.078125
1 0.6923828125 0.8857421875 0.0361328125 0.06640625
1 0.783203125 0.9052734375 0.0380859375 0.0595703125
1 0.3583984375 0.458984375 0.0224609375 0.0673828125
1 0.353515625 0.73046875 0.02734375 0.068359375
1 0.587890625 0.8955078125 0.04296875 0.0537109375