1 0.2919921875 0.48046875 0.04296875 0.033203125
1 0.1005859375 0.6630859375 0.0380859375 0.0498046875
1 0.23828125 0.2392578125 0.0234375 0.07421875
1 0.173828125 0.947265625 0.033203125 0.05078125
1 0.3623046875 0.875 0.0166015625 0.064453125
1 0.4150390625 0.5478515625 0.0244140625 0.0712890625
1 0.0966796875 0.1640625 0.041015625 0.048828125
1 0.3203125 0.1767578125 0.04296875 0.044921875
1 0.4921875 0.4833984375 0.041015625 0.0419921875
1 0.701171875 0.3525390625 0.033203125 0.072265625
1 0.0927734375 0.9140625 0.03125 0.0615234375
1 0.1572265625 0.486328125 0.0400390625 0.048828125
1 0.150390625 0.3740234375 0.0400390625 0.0498046875
1 0.1865234375 0.8095703125 0.0341796875 0.064453125
1 0.4970703125 0.78515625 0.04296875 0.05078125
1 0.8369140625 0.40234375 0.044921875 0.03125
1 0.181640625 0.634765625 0.0263671875 0.0673828125
1 0.1025390625 0.77734375 0.0380859375 0.0546875
1 0.3583984375 0.3271484375 0.021484375 0.0693359375
1 0.2373046875 0.5927734375 0.0185546875 0.068359375
1 0.4130859375 0.2548828125 0.01953125 0.07421875
1 0.2431640625 0.8837890625 0.017578125 0.072265625
1 0.1796875 0.2294921875 0.03125 0.072265625
1 0.646484375 0.482421875 0.04296875 0.0283203125
1 0.908203125 0.2802734375 0.0185546875 0.0732421875
1 0.279296875 0.38671875 0.0390625 0.0390625
1 0.0703125 0.3134765625 0.029296875 0.0703125
1 0.7734375 0.2861328125 0.01953125 0.0791015625
1 0.3037109375 0.6923828125 0.0390625 0.03125
1 0.4521484375 0.68359375 0.0419921875 0.044921875
1 0.7958984375 0.703125 0.0419921875 0.0400390625
1 0.5341796875 0.3076171875 0.0244140625 0.07421875
1 0.5283203125 0.6240234375 0.0283203125 0.072265625
1 0.763671875 0.966796875 0.03515625 0.060546875
1 0.615234375 0.78515625 0.0400390625 0.048828125
1 0.4599609375 0.388671875 0.0439453125 0.04296875
1 0.662109375 0.9814453125 0.037109375 0.03515625
1 0.771484375 0.8193359375 0.03515625 0.0634765625
1 0.3603515625 0.580078125 0.01953125 0.0693359375
1 0.6962890625 0.1865234375 0.03515625 0.0634765625
1 0.8603515625 0.828125 0.0361328125 0.060546875
1 0.841796875 0.1650390625 0.044921875 0.03515625
1 0.8505859375 0.9736328125 0.041015625 0.052734375
1 0.4873046875 0.166015625 0.0400390625 0.037109375
1 0.759765625 0.5625 0.0224609375 0.072265625
1 0.4453125 0.96875 0.0390625 0.0478515625
1 0.84375 0.4951171875 0.0419921875 0.037109375
1 0.880859375 0.6357421875 0.02734375 0.0703125
1 0.6015625 0.205078125 0.0419921875 0.0791015625
1 0.705078125 0.59765625 0.0146484375 0.072265625
1 0.609375 0.3681640625 0.0390625 0.064453125
1 0.525390625 0.921875 0.0244140625 0.0693359375
1 0.6357421875 0.6982421875 0.0400390625 0.0283203125
1 0.30859375 0.98046875 0.041015625 0.03125
1 0.4169921875 0.8310546875 0.025390625 0.0693359375
1 0.2998046875 0.7763671875 0.0380859375 0.033203125
1 0.580078125 0.58203125 0.015625 0.068359375
1 0.697265625 0.84375 0.0244140625 0.06640625
1 0.58203125 0.923828125 0.0263671875 0.07421875
1 0.076171875 0.515625 0.02734375 0.064453125