1 0.658203125 0.126953125 0.0322265625 0.072265625
1 0.3828125 0.6015625 0.03515625 0.03125
1 0.3974609375 0.119140625 0.037109375 0.041015625
1 0.484375 0.458984375 0.0205078125 0.0673828125
1 0.1904296875 0.5849609375 0.0341796875 0.046875
1 0.69921875 0.587890625 0.037109375 0.025390625
1 0.3798828125 0.6806640625 0.037109375 0.0322265625
1 0.2470703125 0.412109375 0.037109375 0.0439453125
1 0.853515625 0.5830078125 0.0400390625 0.0341796875
1 0.818359375 0.19140625 0.0205078125 0.0712890625
1 0.2548828125 0.865234375 0.0341796875 0.0556640625
1 0.8154296875 0.451171875 0.021484375 0.0673828125
1 0.3212890625 0.5107421875 0.0166015625 0.0654296875
1 0.197265625 0.1220703125 0.03515625 0.046875
1 0.7041015625 0.3798828125 0.0380859375 0.0283203125
1 0.4326171875 0.2548828125 0.0224609375 0.0673828125
1 0.373046875 0.3994140625 0.0380859375 0.033203125
1 0.5263671875 0.3056640625 0.0390625 0.037109375
1 0.2705078125 0.7216796875 0.03125 0.060546875
1 0.875 0.0771484375 0.041015625 0.0322265625
1 0.19140625 0.6962890625 0.03515625 0.0546875
1 0.734375 0.869140625 0.0390625 0.046875
1 0.32421875 0.7900390625 0.0166015625 0.0673828125
1 0.55078125 0.09765625 0.0361328125 0.0341796875
1 0.4833984375 0.1845703125 0.017578125 0.0703125
1 0.7646484375 0.4853515625 0.0166015625 0.068359375
1 0.880859375 0.2900390625 0.0439453125 0.0322265625
1 0.890625 0.37890625 0.0390625 0.033203125
1 0.740234375 0.10546875 0.0390625 0.05859375
1 0.435546875 0.4921875 0.01953125 0.06640625
1 0.9404296875 0.1787109375 0.0185546875 0.0693359375
1 0.271484375 0.177734375 0.0283203125 0.0673828125
1 0.3837890625 0.8876953125 0.0361328125 0.029296875
1 0.751953125 0.2529296875 0.0302734375 0.0654296875
1 0.1767578125 0.837890625 0.029296875 0.0595703125
1 0.4384765625 0.7783203125 0.0185546875 0.0654296875
1 0.6650390625 0.2724609375 0.0341796875 0.0537109375
1 0.5576171875 0.392578125 0.0400390625 0.046875
1 0.5966796875 0.8212890625 0.029296875 0.0703125
1 0.59375 0.521484375 0.021484375 0.0693359375
1 0.2421875 0.3076171875 0.0361328125 0.046875
1 0.2685546875 0.55078125 0.0244140625 0.0625
1 0.76171875 0.7265625 0.02734375 0.068359375
1 0.4921875 0.728515625 0.0234375 0.0673828125
1 0.521484375 0.5859375 0.037109375 0.0390625
1 0.3251953125 0.18359375 0.0224609375 0.068359375
1 0.6513671875 0.8154296875 0.02734375 0.07421875
1 0.5185546875 0.8662109375 0.0400390625 0.0537109375
1 0.9326171875 0.5146484375 0.0244140625 0.072265625
1 0.8349609375 0.697265625 0.0341796875 0.0615234375
1 0.5947265625 0.2236328125 0.0205078125 0.06640625
1 0.16796875 0.2568359375 0.025390625 0.064453125
1 0.359375 0.3134765625 0.03515625 0.0380859375
1 0.6796875 0.67578125 0.033203125 0.046875
1 0.1708984375 0.4453125 0.02734375 0.0634765625
1 0.5673828125 0.6796875 0.0400390625 0.05078125
1 0.9189453125 0.8544921875 0.0361328125 0.0595703125
1 0.9208984375 0.7001953125 0.03515625 0.056640625
1 0.8330078125 0.84765625 0.037109375 0.0615234375
1 0.642578125 0.482421875 0.0126953125 0.068359375