1 0.1796875 0.080078125 0.0380859375 0.044921875
1 0.2197265625 0.3759765625 0.0390625 0.052734375
1 0.384765625 0.0888671875 0.037109375 0.0439453125
1 0.873046875 0.078125 0.04296875 0.0322265625
1 0.2529296875 0.138671875 0.02734375 0.068359375
1 0.3076171875 0.1484375 0.025390625 0.0673828125
1 0.21875 0.26953125 0.0390625 0.048828125
1 0.734375 0.1005859375 0.0380859375 0.0625
1 0.150390625 0.6650390625 0.0400390625 0.056640625
1 0.3388671875 0.28125 0.0390625 0.0419921875
1 0.3505859375 0.3720703125 0.0390625 0.03125
1 0.232421875 0.7021484375 0.0322265625 0.064453125
1 0.138671875 0.404296875 0.03125 0.06640625
1 0.14453125 0.212890625 0.0244140625 0.06640625
1 0.744140625 0.25 0.0341796875 0.068359375
1 0.34765625 0.66796875 0.0390625 0.0302734375
1 0.15234375 0.552734375 0.0361328125 0.048828125
1 0.6650390625 0.68359375 0.037109375 0.0498046875
1 0.888671875 0.388671875 0.0419921875 0.04296875
1 0.583984375 0.208984375 0.021484375 0.0712890625
1 0.4150390625 0.2275390625 0.0234375 0.068359375
1 0.3544921875 0.5830078125 0.0390625 0.03125
1 0.4638671875 0.44140625 0.0234375 0.06640625
1 0.5400390625 0.0810546875 0.0380859375 0.0361328125
1 0.693359375 0.375 0.0361328125 0.02734375
1 0.8271484375 0.720703125 0.0361328125 0.0634765625
1 0.2919921875 0.482421875 0.017578125 0.068359375
1 0.541015625 0.376953125 0.041015625 0.0478515625
1 0.1279296875 0.8173828125 0.0283203125 0.0673828125
1 0.8779296875 0.294921875 0.0439453125 0.0361328125
1 0.75 0.7470703125 0.029296875 0.0732421875
1 0.9404296875 0.185546875 0.01953125 0.0732421875
1 0.8134765625 0.1884765625 0.0205078125 0.0693359375
1 0.40625 0.775390625 0.0185546875 0.068359375
1 0.208984375 0.8525390625 0.037109375 0.0556640625
1 0.9169921875 0.7275390625 0.0380859375 0.0634765625
1 0.4697265625 0.1630859375 0.01953125 0.072265625
1 0.916015625 0.890625 0.0380859375 0.0595703125
1 0.8076171875 0.4599609375 0.021484375 0.0693359375
1 0.5107421875 0.2890625 0.0380859375 0.0400390625
1 0.7177734375 0.896484375 0.0400390625 0.0517578125
1 0.685546875 0.5927734375 0.0380859375 0.029296875
1 0.7548828125 0.4892578125 0.0166015625 0.0703125
1 0.8486328125 0.59765625 0.04296875 0.0361328125
1 0.28515625 0.7763671875 0.0166015625 0.0703125
1 0.4111328125 0.470703125 0.0185546875 0.0703125
1 0.3466796875 0.88671875 0.0400390625 0.0302734375
1 0.82421875 0.880859375 0.0390625 0.0654296875
1 0.931640625 0.529296875 0.0234375 0.072265625
1 0.546875 0.6787109375 0.041015625 0.05078125
1 0.576171875 0.517578125 0.02734375 0.0712890625
1 0.236328125 0.5205078125 0.0302734375 0.068359375
1 0.4873046875 0.8759765625 0.0390625 0.0546875
1 0.4990234375 0.5732421875 0.0390625 0.041015625
1 0.6279296875 0.474609375 0.017578125 0.0751953125
1 0.6201171875 0.748046875 0.013671875 0.0341796875
1 0.4638671875 0.7236328125 0.0302734375 0.076171875
1 0.630859375 0.8251953125 0.0283203125 0.078125
1 0.5712890625 0.833984375 0.03125 0.0791015625
1 0.17578125 0.2880859375 0.0126953125 0.0166015625