1 0.24609375 0.255859375 0.0380859375 0.0498046875
1 0.31640625 0.728515625 0.0166015625 0.0693359375
1 0.2470703125 0.3544921875 0.03515625 0.046875
1 0.318359375 0.44921875 0.0166015625 0.0634765625
1 0.3984375 0.080078125 0.03515625 0.0380859375
1 0.5400390625 0.0615234375 0.0361328125 0.0322265625
1 0.3701171875 0.341796875 0.0361328125 0.0322265625
1 0.8466796875 0.037109375 0.0380859375 0.03125
1 0.8310546875 0.78125 0.0400390625 0.0625
1 0.6923828125 0.5205078125 0.0380859375 0.02734375
1 0.37890625 0.5390625 0.0380859375 0.033203125
1 0.431640625 0.7177734375 0.01953125 0.072265625
1 0.7236328125 0.0634765625 0.0341796875 0.05078125
1 0.7353515625 0.19921875 0.02734375 0.0654296875
1 0.2421875 0.8095703125 0.03515625 0.056640625
1 0.2060546875 0.0849609375 0.03515625 0.0419921875
1 0.3740234375 0.6181640625 0.0380859375 0.0302734375
1 0.4306640625 0.4306640625 0.0185546875 0.0625
1 0.693359375 0.3173828125 0.037109375 0.02734375
1 0.169921875 0.3896484375 0.0283203125 0.0615234375
1 0.9208984375 0.7841796875 0.0341796875 0.05859375
1 0.828125 0.62890625 0.0341796875 0.064453125
1 0.7314453125 0.806640625 0.0380859375 0.0478515625
1 0.4296875 0.205078125 0.021484375 0.0625
1 0.9140625 0.630859375 0.0341796875 0.0576171875
1 0.326171875 0.140625 0.021484375 0.0634765625
1 0.7529296875 0.41796875 0.0166015625 0.0654296875
1 0.5625 0.61328125 0.0380859375 0.048828125
1 0.642578125 0.0849609375 0.0263671875 0.05859375
1 0.1640625 0.78125 0.0283203125 0.0615234375
1 0.4775390625 0.1416015625 0.017578125 0.0654296875
1 0.2763671875 0.1328125 0.025390625 0.0625
1 0.3583984375 0.26171875 0.03515625 0.037109375
1 0.263671875 0.6640625 0.03125 0.0634765625
1 0.4814453125 0.396484375 0.0234375 0.06640625
1 0.2646484375 0.4931640625 0.02734375 0.0625
1 0.591796875 0.7578125 0.029296875 0.0732421875
1 0.80078125 0.388671875 0.0185546875 0.0712890625
1 0.17578125 0.2109375 0.0244140625 0.060546875
1 0.5859375 0.173828125 0.0205078125 0.064453125
1 0.513671875 0.51953125 0.0361328125 0.0380859375
1 0.673828125 0.609375 0.0361328125 0.048828125
1 0.9130859375 0.1279296875 0.0185546875 0.06640625
1 0.919921875 0.44140625 0.01953125 0.0654296875
1 0.376953125 0.8310546875 0.0400390625 0.0361328125
1 0.859375 0.23046875 0.0400390625 0.03515625
1 0.6484375 0.748046875 0.029296875 0.068359375
1 0.546875 0.333984375 0.0390625 0.0400390625
1 0.794921875 0.142578125 0.0205078125 0.064453125
1 0.84375 0.513671875 0.0400390625 0.033203125
1 0.51171875 0.8056640625 0.0390625 0.0546875
1 0.521484375 0.2509765625 0.0390625 0.0302734375
1 0.1865234375 0.525390625 0.0341796875 0.04296875
1 0.7578125 0.6591796875 0.029296875 0.0654296875
1 0.4853515625 0.666015625 0.02734375 0.0703125
1 0.8740234375 0.314453125 0.0400390625 0.03515625
1 0.6513671875 0.216796875 0.0302734375 0.0439453125
1 0.1845703125 0.63671875 0.037109375 0.0546875
1 0.5869140625 0.458984375 0.0234375 0.068359375
1 0.6337890625 0.4150390625 0.017578125 0.068359375