1 0.1357421875 0.1357421875 0.0380859375 0.0576171875
1 0.1083984375 0.259765625 0.02734375 0.0810546875
1 0.17578125 0.314453125 0.0361328125 0.0439453125
1 0.2021484375 0.18359375 0.0302734375 0.0869140625
1 0.3203125 0.125 0.048828125 0.0419921875
1 0.251953125 0.1884765625 0.0234375 0.08203125
1 0.2880859375 0.3193359375 0.048828125 0.0537109375
1 0.357421875 0.259765625 0.0283203125 0.091796875
1 0.470703125 0.1083984375 0.0439453125 0.046875
1 0.404296875 0.19140625 0.02734375 0.083984375
1 0.447265625 0.306640625 0.052734375 0.0390625
1 0.5166015625 0.2236328125 0.029296875 0.0869140625
1 0.5771484375 0.1328125 0.033203125 0.0849609375
1 0.587890625 0.2783203125 0.046875 0.0625
1 0.671875 0.2490234375 0.0380859375 0.0791015625
1 0.6611328125 0.1015625 0.041015625 0.0693359375
1 0.7978515625 0.072265625 0.052734375 0.048828125
1 0.7373046875 0.1923828125 0.0224609375 0.0849609375
1 0.8037109375 0.2919921875 0.0517578125 0.0439453125
1 0.8662109375 0.171875 0.0234375 0.09375
1 0.81640625 0.384765625 0.052734375 0.0361328125
1 0.734375 0.453125 0.0322265625 0.08203125
1 0.7763671875 0.587890625 0.0556640625 0.048828125
1 0.857421875 0.517578125 0.0283203125 0.091796875
1 0.681640625 0.494140625 0.021484375 0.0869140625
1 0.62109375 0.5888671875 0.0576171875 0.0478515625
1 0.5654296875 0.484375 0.03515625 0.0908203125
1 0.6259765625 0.380859375 0.0517578125 0.0390625
1 0.478515625 0.3974609375 0.0439453125 0.0458984375
1 0.513671875 0.51953125 0.0302734375 0.083984375
1 0.4462890625 0.5888671875 0.0537109375 0.0419921875
1 0.40625 0.4560546875 0.021484375 0.0751953125
1 0.357421875 0.4912109375 0.02734375 0.0859375
1 0.296875 0.3984375 0.0478515625 0.0419921875
1 0.2509765625 0.509765625 0.0224609375 0.0849609375
1 0.3115234375 0.5986328125 0.0498046875 0.0419921875
1 0.19921875 0.5458984375 0.0322265625 0.0771484375
1 0.1298828125 0.5791015625 0.041015625 0.052734375
1 0.111328125 0.4443359375 0.03515625 0.0849609375
1 0.1806640625 0.412109375 0.0439453125 0.0576171875
1 0.125 0.693359375 0.0390625 0.068359375
1 0.1162109375 0.8212890625 0.0322265625 0.076171875
1 0.1865234375 0.849609375 0.0390625 0.0634765625
1 0.2001953125 0.7119140625 0.0322265625 0.0693359375
1 0.298828125 0.68359375 0.0517578125 0.0439453125
1 0.251953125 0.7841796875 0.0205078125 0.078125
1 0.30859375 0.87890625 0.0439453125 0.0498046875
1 0.361328125 0.7783203125 0.0224609375 0.09765625
1 0.4130859375 0.7314453125 0.037109375 0.0732421875
1 0.4873046875 0.685546875 0.0517578125 0.048828125
1 0.4404296875 0.8701171875 0.04296875 0.0556640625
1 0.5146484375 0.814453125 0.025390625 0.0849609375
1 0.5703125 0.8154296875 0.033203125 0.0859375
1 0.6474609375 0.875 0.048828125 0.0458984375
1 0.6806640625 0.7314453125 0.0302734375 0.0791015625
1 0.6005859375 0.6796875 0.05078125 0.0546875
1 0.75390625 0.712890625 0.0380859375 0.0703125
1 0.7548828125 0.8642578125 0.046875 0.08203125
1 0.84375 0.8701171875 0.0361328125 0.0654296875
1 0.8466796875 0.720703125 0.0400390625 0.0849609375
0 0.8193359375 0.83984375 0.0234375 0.0498046875
0 0.6591796875 0.759765625 0.0234375 0.052734375
0 0.4912109375 0.8095703125 0.01953125 0.046875
0 0.3408203125 0.7861328125 0.0126953125 0.0439453125
0 0.1884765625 0.748046875 0.017578125 0.0478515625
0 0.1767578125 0.45703125 0.0224609375 0.0380859375
0 0.310546875 0.4453125 0.0205078125 0.0302734375
0 0.4375 0.4677734375 0.02734375 0.05078125
0 0.62890625 0.4287109375 0.025390625 0.03125
0 0.8271484375 0.5146484375 0.017578125 0.056640625
0 0.794921875 0.2431640625 0.0234375 0.03125
0 0.599609375 0.154296875 0.0234375 0.0400390625
0 0.474609375 0.154296875 0.0322265625 0.02734375
0 0.3359375 0.2568359375 0.015625 0.048828125
0 0.169921875 0.275390625 0.0302734375 0.0322265625