1 0.1357421875 0.234375 0.0439453125 0.0556640625
1 0.3251953125 0.2490234375 0.0478515625 0.052734375
1 0.4755859375 0.2373046875 0.0537109375 0.0478515625
1 0.6689453125 0.25390625 0.048828125 0.060546875
1 0.8115234375 0.2314453125 0.0615234375 0.0419921875
1 0.189453125 0.5185546875 0.046875 0.044921875
1 0.298828125 0.5185546875 0.048828125 0.037109375
1 0.4765625 0.529296875 0.0478515625 0.0556640625
1 0.6220703125 0.5380859375 0.052734375 0.044921875
1 0.818359375 0.5595703125 0.05078125 0.0458984375
1 0.146484375 0.7705078125 0.037109375 0.0537109375
1 0.3076171875 0.783203125 0.0419921875 0.0361328125
1 0.482421875 0.8056640625 0.0400390625 0.0537109375
1 0.5888671875 0.8203125 0.0458984375 0.0537109375
1 0.66796875 0.8837890625 0.0302734375 0.0830078125
1 0.7421875 0.865234375 0.0390625 0.060546875
1 0.830078125 0.884765625 0.044921875 0.068359375
1 0.5625 0.9453125 0.02734375 0.072265625
1 0.5078125 0.9384765625 0.0224609375 0.0693359375
1 0.4130859375 0.84375 0.0302734375 0.0625
1 0.439453125 0.96875 0.0390625 0.05078125
1 0.3623046875 0.8779296875 0.017578125 0.083984375
1 0.31640625 0.9619140625 0.0341796875 0.044921875
1 0.2626953125 0.8681640625 0.017578125 0.0791015625
1 0.2060546875 0.91796875 0.0322265625 0.0546875
1 0.1416015625 0.888671875 0.02734375 0.0595703125
1 0.212890625 0.7978515625 0.0244140625 0.0439453125
1 0.126953125 0.5400390625 0.0302734375 0.072265625
1 0.205078125 0.291015625 0.02734375 0.072265625
1 0.1171875 0.36328125 0.0283203125 0.0771484375
1 0.185546875 0.4189453125 0.0341796875 0.0458984375
1 0.2548828125 0.3056640625 0.02734375 0.0732421875
1 0.287109375 0.43359375 0.044921875 0.0556640625
1 0.357421875 0.3828125 0.01953125 0.072265625
1 0.40625 0.31640625 0.0244140625 0.0849609375
1 0.453125 0.4423828125 0.048828125 0.052734375
1 0.517578125 0.3662109375 0.0185546875 0.0771484375
1 0.671875 0.4130859375 0.03515625 0.0869140625
1 0.5849609375 0.4267578125 0.044921875 0.068359375
1 0.580078125 0.2763671875 0.033203125 0.087890625
1 0.7431640625 0.353515625 0.033203125 0.0927734375
1 0.8828125 0.3466796875 0.0283203125 0.083984375
1 0.80859375 0.4658203125 0.0595703125 0.0361328125
1 0.7333984375 0.6181640625 0.037109375 0.0888671875
1 0.7666015625 0.755859375 0.0498046875 0.0576171875
1 0.853515625 0.6943359375 0.033203125 0.083984375
1 0.6767578125 0.6474609375 0.03125 0.0791015625
1 0.61328125 0.73828125 0.05859375 0.041015625
1 0.5576171875 0.626953125 0.0283203125 0.0888671875
1 0.5078125 0.658203125 0.0283203125 0.087890625
1 0.4404296875 0.7138671875 0.0439453125 0.046875
1 0.40625 0.5927734375 0.02734375 0.08203125
1 0.361328125 0.615234375 0.0224609375 0.076171875
1 0.31640625 0.70703125 0.0419921875 0.0400390625
1 0.2568359375 0.6171875 0.0234375 0.076171875
1 0.2109375 0.650390625 0.0302734375 0.0703125
1 0.146484375 0.6689453125 0.037109375 0.052734375