1 0.1923828125 0.1962890625 0.0400390625 0.0576171875
1 0.1630859375 0.330078125 0.0283203125 0.072265625
1 0.234375 0.3876953125 0.037109375 0.0517578125
1 0.2607421875 0.2548828125 0.0380859375 0.076171875
1 0.318359375 0.267578125 0.03125 0.0751953125
1 0.3916015625 0.212890625 0.048828125 0.046875
1 0.4248046875 0.3486328125 0.0244140625 0.072265625
1 0.3486328125 0.40625 0.0439453125 0.0439453125
1 0.4755859375 0.2919921875 0.021484375 0.080078125
1 0.546875 0.2080078125 0.044921875 0.0390625
1 0.5908203125 0.337890625 0.015625 0.0830078125
1 0.51953125 0.416015625 0.041015625 0.0400390625
1 0.544921875 0.509765625 0.044921875 0.044921875
1 0.470703125 0.5712890625 0.025390625 0.0771484375
1 0.5048828125 0.7021484375 0.0419921875 0.0498046875
1 0.5791015625 0.642578125 0.0263671875 0.0771484375
1 0.357421875 0.4970703125 0.046875 0.0400390625
1 0.3056640625 0.60546875 0.0185546875 0.0830078125
1 0.3671875 0.7001953125 0.0419921875 0.037109375
1 0.4189453125 0.5927734375 0.0244140625 0.08203125
1 0.251953125 0.6337890625 0.029296875 0.0703125
1 0.1767578125 0.6611328125 0.0419921875 0.0546875
1 0.1591796875 0.515625 0.0322265625 0.072265625
1 0.23828125 0.4912109375 0.0458984375 0.0576171875
1 0.169921875 0.7705078125 0.044921875 0.0615234375
1 0.1572265625 0.9052734375 0.0341796875 0.0693359375
1 0.232421875 0.943359375 0.033203125 0.0517578125
1 0.25 0.806640625 0.0302734375 0.0703125
1 0.3564453125 0.78125 0.0380859375 0.0390625
1 0.3017578125 0.880859375 0.021484375 0.080078125
1 0.35546875 0.9814453125 0.04296875 0.037109375
1 0.4150390625 0.8837890625 0.0205078125 0.0947265625
1 0.46875 0.841796875 0.0283203125 0.0771484375
1 0.4931640625 0.9775390625 0.041015625 0.044921875
1 0.5712890625 0.947265625 0.0283203125 0.0693359375
1 0.548828125 0.806640625 0.04296875 0.056640625
1 0.9150390625 0.8828125 0.0439453125 0.0751953125
1 0.82421875 0.87109375 0.0458984375 0.076171875
1 0.74609375 0.8798828125 0.0322265625 0.0869140625
1 0.6669921875 0.8173828125 0.05078125 0.0576171875
1 0.6357421875 0.95703125 0.03515625 0.0849609375
1 0.9375 0.6845703125 0.0263671875 0.08203125
1 0.8505859375 0.744140625 0.05078125 0.0537109375
1 0.810546875 0.6044921875 0.029296875 0.08203125
1 0.7587890625 0.6337890625 0.0244140625 0.0849609375
1 0.6884765625 0.72265625 0.0517578125 0.0419921875
1 0.630859375 0.611328125 0.029296875 0.0830078125
1 0.6982421875 0.5107421875 0.0537109375 0.029296875
1 0.8984375 0.5380859375 0.0458984375 0.0478515625
1 0.962890625 0.3349609375 0.0263671875 0.09375
1 0.890625 0.220703125 0.0595703125 0.0380859375
1 0.83203125 0.322265625 0.033203125 0.1083984375
1 0.890625 0.4404296875 0.064453125 0.0419921875
1 0.7548828125 0.3857421875 0.0380859375 0.078125
1 0.666015625 0.3994140625 0.0458984375 0.07421875
1 0.7509765625 0.232421875 0.0439453125 0.0693359375
1 0.658203125 0.251953125 0.0322265625 0.078125
0 0.8828125 0.39453125 0.025390625 0.03125
0 0.6826171875 0.271484375 0.021484375 0.04296875
0 0.90625 0.6748046875 0.0205078125 0.041015625
0 0.69921875 0.560546875 0.02734375 0.0361328125
0 0.7216796875 0.91015625 0.01953125 0.0498046875
0 0.5458984375 0.9306640625 0.0224609375 0.0419921875
0 0.390625 0.8955078125 0.0166015625 0.04296875
0 0.234375 0.8330078125 0.017578125 0.0322265625
0 0.4970703125 0.5751953125 0.01953125 0.037109375
0 0.3671875 0.5380859375 0.0263671875 0.0224609375
0 0.2333984375 0.53125 0.025390625 0.0390625
0 0.22265625 0.349609375 0.0234375 0.03125
0 0.4013671875 0.345703125 0.017578125 0.044921875
0 0.5478515625 0.2607421875 0.0263671875 0.033203125