1 0.5380859375 0.599609375 0.0419921875 0.052734375
1 0.4580078125 0.6435546875 0.0302734375 0.072265625
1 0.6572265625 0.6015625 0.0380859375 0.0458984375
1 0.564453125 0.748046875 0.03125 0.078125
1 0.4599609375 0.3642578125 0.025390625 0.06640625
1 0.5361328125 0.3037109375 0.0400390625 0.046875
1 0.625 0.74609375 0.03125 0.0751953125
1 0.7421875 0.662109375 0.029296875 0.0693359375
1 0.4814453125 0.7939453125 0.0419921875 0.052734375
1 0.1435546875 0.5869140625 0.0380859375 0.0537109375
1 0.337890625 0.2119140625 0.037109375 0.041015625
1 0.6201171875 0.396484375 0.017578125 0.0703125
1 0.3427734375 0.5849609375 0.0390625 0.02734375
1 0.34765625 0.2958984375 0.0390625 0.029296875
1 0.7236328125 0.0380859375 0.037109375 0.05859375
1 0.2197265625 0.30078125 0.0380859375 0.0537109375
1 0.6845703125 0.298828125 0.03515625 0.029296875
1 0.646484375 0.19140625 0.03515625 0.052734375
1 0.1396484375 0.330078125 0.03125 0.064453125
1 0.5703125 0.439453125 0.0263671875 0.0703125
1 0.2255859375 0.6220703125 0.0302734375 0.064453125
1 0.1513671875 0.470703125 0.03515625 0.048828125
1 0.46484375 0.0966796875 0.0185546875 0.06640625
1 0.6396484375 0.0546875 0.0302734375 0.0625
1 0.201171875 0.7724609375 0.037109375 0.056640625
1 0.7099609375 0.8134765625 0.0380859375 0.0458984375
1 0.2333984375 0.4443359375 0.02734375 0.0654296875
1 0.3369140625 0.8046875 0.0390625 0.0302734375
1 0.40625 0.39453125 0.0166015625 0.0634765625
1 0.349609375 0.501953125 0.037109375 0.03125
1 0.400390625 0.69140625 0.0166015625 0.0712890625
1 0.7958984375 0.3779296875 0.0205078125 0.0693359375
1 0.3095703125 0.083984375 0.0234375 0.060546875
1 0.3837890625 0.025390625 0.0361328125 0.0400390625
1 0.2783203125 0.6943359375 0.0166015625 0.0703125
1 0.908203125 0.6455078125 0.0380859375 0.0615234375
1 0.8740234375 0.3134765625 0.0419921875 0.041015625
1 0.5078125 0.2138671875 0.037109375 0.03125
1 0.7333984375 0.1796875 0.03125 0.068359375
1 0.220703125 0.1962890625 0.0390625 0.048828125
1 0.2890625 0.40234375 0.015625 0.064453125
1 0.81640625 0.6396484375 0.0361328125 0.064453125
1 0.255859375 0.0732421875 0.025390625 0.068359375
1 0.67578125 0.509765625 0.037109375 0.0244140625
1 0.1865234375 0.021484375 0.03515625 0.0400390625
1 0.1201171875 0.7353515625 0.0283203125 0.0673828125
1 0.4140625 0.158203125 0.021484375 0.06640625
1 0.529296875 0.015625 0.0263671875 0.0283203125
1 0.8173828125 0.7978515625 0.041015625 0.068359375
1 0.744140625 0.41015625 0.0185546875 0.068359375
1 0.1494140625 0.1435546875 0.0224609375 0.0615234375
1 0.9091796875 0.8095703125 0.0390625 0.0615234375
1 0.9228515625 0.1201171875 0.01953125 0.0712890625
1 0.857421875 0.0185546875 0.041015625 0.0302734375
1 0.8369140625 0.5166015625 0.0419921875 0.0361328125
1 0.5703125 0.072265625 0.029296875 0.0498046875
1 0.919921875 0.451171875 0.0234375 0.0712890625
1 0.578125 0.1376953125 0.01953125 0.0712890625
1 0.8623046875 0.2216796875 0.0419921875 0.037109375
1 0.7998046875 0.1259765625 0.0185546875 0.0654296875