1 0.18359375 0.1484375 0.0400390625 0.05078125
1 0.158203125 0.2646484375 0.0224609375 0.0673828125
1 0.154296875 0.4228515625 0.02734375 0.0703125
1 0.1689453125 0.55078125 0.037109375 0.0576171875
1 0.1669921875 0.6455078125 0.033203125 0.05859375
1 0.15234375 0.7734375 0.0283203125 0.0693359375
1 0.2158203125 0.8037109375 0.0341796875 0.0478515625
1 0.2314453125 0.6708984375 0.029296875 0.0625
1 0.3251953125 0.6484375 0.048828125 0.044921875
1 0.2744140625 0.74609375 0.0224609375 0.083984375
1 0.326171875 0.833984375 0.0400390625 0.041015625
1 0.3740234375 0.7373046875 0.01953125 0.0810546875
1 0.4228515625 0.6953125 0.0244140625 0.0810546875
1 0.4462890625 0.833984375 0.0517578125 0.0654296875
1 0.5185546875 0.7890625 0.0244140625 0.083984375
1 0.4921875 0.654296875 0.0439453125 0.0498046875
1 0.603515625 0.6552734375 0.044921875 0.0556640625
1 0.57421875 0.7861328125 0.0322265625 0.091796875
1 0.6533203125 0.849609375 0.04296875 0.048828125
1 0.6796875 0.7080078125 0.02734375 0.08203125
1 0.7529296875 0.69140625 0.0400390625 0.07421875
1 0.7509765625 0.8388671875 0.044921875 0.078125
1 0.84765625 0.8515625 0.037109375 0.064453125
1 0.84765625 0.6953125 0.0439453125 0.0732421875
1 0.7724609375 0.5654296875 0.0517578125 0.0556640625
1 0.857421875 0.5029296875 0.03515625 0.0888671875
1 0.8154296875 0.3720703125 0.0517578125 0.0546875
1 0.7373046875 0.4375 0.025390625 0.083984375
1 0.68359375 0.474609375 0.0244140625 0.0908203125
1 0.626953125 0.3662109375 0.0537109375 0.0361328125
1 0.564453125 0.4619140625 0.021484375 0.087890625
1 0.619140625 0.5595703125 0.052734375 0.0625
1 0.5185546875 0.5048828125 0.03515625 0.0810546875
1 0.4521484375 0.5615234375 0.041015625 0.0537109375
1 0.4228515625 0.4462890625 0.0244140625 0.0810546875
1 0.4892578125 0.380859375 0.046875 0.048828125
1 0.375 0.47265625 0.02734375 0.07421875
1 0.3212890625 0.3818359375 0.044921875 0.0390625
1 0.33203125 0.568359375 0.044921875 0.0439453125
1 0.2802734375 0.48046875 0.0234375 0.0751953125
1 0.2314453125 0.525390625 0.0302734375 0.0732421875
1 0.2158203125 0.3876953125 0.0419921875 0.0556640625
1 0.2412109375 0.1826171875 0.029296875 0.07421875
1 0.216796875 0.30859375 0.037109375 0.0546875
1 0.3134765625 0.3115234375 0.0419921875 0.0546875
1 0.28515625 0.1982421875 0.0283203125 0.087890625
1 0.37890625 0.2451171875 0.02734375 0.0791015625
1 0.349609375 0.1298828125 0.0400390625 0.048828125
1 0.4228515625 0.1865234375 0.025390625 0.078125
1 0.4599609375 0.298828125 0.0478515625 0.0478515625
1 0.5234375 0.21875 0.0341796875 0.0859375
1 0.4814453125 0.10546875 0.048828125 0.0322265625
1 0.5830078125 0.1318359375 0.0302734375 0.0791015625
1 0.5908203125 0.2646484375 0.044921875 0.0576171875
1 0.6728515625 0.2392578125 0.03515625 0.0791015625
1 0.6650390625 0.10546875 0.0380859375 0.0576171875
1 0.8076171875 0.2783203125 0.046875 0.046875
1 0.87109375 0.162109375 0.0244140625 0.09375
1 0.8017578125 0.0634765625 0.056640625 0.0400390625
1 0.7392578125 0.185546875 0.025390625 0.0927734375
0 0.7958984375 0.2333984375 0.0302734375 0.0361328125
0 0.6064453125 0.150390625 0.0263671875 0.0498046875
0 0.4853515625 0.150390625 0.025390625 0.0341796875
0 0.3583984375 0.251953125 0.017578125 0.041015625
0 0.208984375 0.2734375 0.0234375 0.0302734375
0 0.21875 0.4375 0.02734375 0.0390625
0 0.3349609375 0.427734375 0.037109375 0.0302734375
0 0.4443359375 0.4443359375 0.0205078125 0.03125
0 0.630859375 0.4150390625 0.01953125 0.025390625
0 0.8271484375 0.4990234375 0.0185546875 0.0400390625
0 0.8173828125 0.8271484375 0.0263671875 0.0458984375
0 0.658203125 0.732421875 0.02734375 0.0390625
0 0.4970703125 0.78125 0.025390625 0.0419921875
0 0.3544921875 0.7529296875 0.0185546875 0.0400390625
0 0.21875 0.70703125 0.015625 0.0380859375