2 0.2529296875 0.0732421875 0.0712890625 0.0244140625
2 0.1513671875 0.1318359375 0.0439453125 0.044921875
2 0.2685546875 0.189453125 0.080078125 0.025390625
2 0.3642578125 0.1337890625 0.041015625 0.0458984375
2 0.455078125 0.1201171875 0.0390625 0.0380859375
2 0.58203125 0.09375 0.068359375 0.0302734375
2 0.51953125 0.197265625 0.072265625 0.0263671875
2 0.64453125 0.1669921875 0.037109375 0.0390625
2 0.7529296875 0.1298828125 0.048828125 0.0302734375
2 0.75 0.2021484375 0.05859375 0.0302734375
2 0.8798828125 0.2119140625 0.0517578125 0.0341796875
2 0.876953125 0.138671875 0.0556640625 0.03515625
2 0.2158203125 0.2509765625 0.076171875 0.0224609375
2 0.1474609375 0.3251953125 0.048828125 0.0419921875
2 0.2939453125 0.3662109375 0.0703125 0.029296875
2 0.353515625 0.2919921875 0.0576171875 0.0439453125
2 0.453125 0.3193359375 0.048828125 0.04296875
2 0.5234375 0.255859375 0.0751953125 0.0224609375
2 0.5703125 0.3671875 0.0703125 0.02734375
2 0.6396484375 0.3017578125 0.046875 0.0400390625
2 0.7744140625 0.2734375 0.064453125 0.0234375
2 0.7314453125 0.345703125 0.0498046875 0.0380859375
2 0.8564453125 0.3759765625 0.0625 0.0302734375
2 0.8955078125 0.3046875 0.048828125 0.041015625
2 0.1640625 0.431640625 0.0673828125 0.03515625
2 0.14453125 0.51953125 0.06640625 0.037109375
2 0.3046875 0.529296875 0.056640625 0.0341796875
2 0.3193359375 0.443359375 0.06640625 0.037109375
2 0.4443359375 0.4892578125 0.0458984375 0.0419921875
2 0.5185546875 0.4208984375 0.0693359375 0.0234375
2 0.5634765625 0.5322265625 0.06640625 0.0244140625
2 0.634765625 0.4658203125 0.04296875 0.04296875
2 0.751953125 0.4384765625 0.0537109375 0.0302734375
2 0.7529296875 0.5166015625 0.0625 0.03125
2 0.888671875 0.5185546875 0.0537109375 0.03515625
2 0.8837890625 0.4404296875 0.0556640625 0.0341796875
2 0.1611328125 0.611328125 0.06640625 0.0380859375
2 0.1484375 0.70703125 0.0625 0.0380859375
2 0.3134765625 0.7041015625 0.0595703125 0.0361328125
2 0.326171875 0.615234375 0.064453125 0.033203125
2 0.5498046875 0.5810546875 0.0771484375 0.0185546875
2 0.4375 0.6396484375 0.037109375 0.0478515625
2 0.53125 0.705078125 0.0849609375 0.01953125
2 0.642578125 0.6484375 0.033203125 0.0439453125
2 0.7255859375 0.6435546875 0.0400390625 0.0439453125
2 0.806640625 0.5810546875 0.0693359375 0.0244140625
2 0.83203125 0.6953125 0.0703125 0.0234375
2 0.91015625 0.630859375 0.0341796875 0.04296875
2 0.2314453125 0.77734375 0.080078125 0.02734375
2 0.123046875 0.857421875 0.0439453125 0.0517578125
2 0.2509765625 0.91015625 0.072265625 0.0283203125
2 0.3544921875 0.8330078125 0.0380859375 0.04296875
2 0.4580078125 0.7880859375 0.0537109375 0.0458984375
2 0.6044921875 0.76171875 0.072265625 0.02734375
2 0.4970703125 0.8779296875 0.07421875 0.0302734375
2 0.640625 0.849609375 0.05078125 0.0400390625
2 0.736328125 0.8056640625 0.03515625 0.0439453125
2 0.8359375 0.865234375 0.0712890625 0.015625
2 0.927734375 0.7998046875 0.029296875 0.0380859375
2 0.8291015625 0.7421875 0.06640625 0.0205078125
0 0.884765625 0.8076171875 0.0341796875 0.0244140625
0 0.591796875 0.83984375 0.03515625 0.0263671875
0 0.2333984375 0.880859375 0.0419921875 0.0185546875
0 0.294921875 0.638671875 0.0361328125 0.0244140625
0 0.5234375 0.6748046875 0.0439453125 0.015625
0 0.865234375 0.638671875 0.029296875 0.021484375
0 0.845703125 0.5068359375 0.0361328125 0.0185546875
0 0.5966796875 0.4775390625 0.0244140625 0.0224609375
0 0.2685546875 0.5126953125 0.04296875 0.0205078125
0 0.2431640625 0.2783203125 0.041015625 0.0166015625
0 0.546875 0.345703125 0.041015625 0.017578125
0 0.82421875 0.3583984375 0.03515625 0.015625
0 0.8408203125 0.201171875 0.03125 0.015625
0 0.5732421875 0.1259765625 0.044921875 0.021484375
0 0.322265625 0.142578125 0.02734375 0.01953125