2 0.1533203125 0.111328125 0.0576171875 0.02734375
2 0.2978515625 0.1103515625 0.0615234375 0.033203125
2 0.1435546875 0.193359375 0.0537109375 0.0263671875
2 0.2900390625 0.193359375 0.05078125 0.037109375
0 0.2568359375 0.1826171875 0.0302734375 0.0205078125
2 0.470703125 0.091796875 0.0615234375 0.0244140625
2 0.615234375 0.1142578125 0.05078125 0.041015625
2 0.5654296875 0.193359375 0.0654296875 0.03125
0 0.53515625 0.177734375 0.0361328125 0.015625
2 0.421875 0.1708984375 0.05078125 0.0302734375
2 0.724609375 0.1162109375 0.0380859375 0.03515625
2 0.873046875 0.0830078125 0.06640625 0.0263671875
2 0.7783203125 0.1943359375 0.0712890625 0.0205078125
0 0.787109375 0.171875 0.0380859375 0.017578125
2 0.9287109375 0.1591796875 0.046875 0.041015625
2 0.7724609375 0.2578125 0.0595703125 0.0283203125
2 0.9326171875 0.2724609375 0.0556640625 0.037109375
2 0.8974609375 0.359375 0.064453125 0.0341796875
2 0.7373046875 0.3427734375 0.056640625 0.0341796875
0 0.8935546875 0.294921875 0.0302734375 0.021484375
2 0.5791015625 0.2578125 0.0625 0.0263671875
2 0.6162109375 0.33984375 0.044921875 0.0390625
2 0.462890625 0.365234375 0.0615234375 0.0244140625
0 0.4814453125 0.33984375 0.033203125 0.0185546875
2 0.427734375 0.2802734375 0.0478515625 0.033203125
2 0.302734375 0.275390625 0.05859375 0.03515625
2 0.154296875 0.2724609375 0.060546875 0.0302734375
2 0.1435546875 0.3564453125 0.056640625 0.029296875
2 0.29296875 0.359375 0.0478515625 0.0380859375
0 0.2587890625 0.34765625 0.03515625 0.017578125
2 0.14453125 0.435546875 0.0634765625 0.0302734375
2 0.2939453125 0.4482421875 0.056640625 0.0341796875
2 0.119140625 0.521484375 0.05859375 0.03515625
2 0.2685546875 0.533203125 0.0537109375 0.0302734375
0 0.236328125 0.515625 0.03515625 0.0166015625
2 0.5048828125 0.4208984375 0.0634765625 0.01953125
2 0.4013671875 0.4833984375 0.033203125 0.0400390625
2 0.6171875 0.4794921875 0.033203125 0.0419921875
0 0.5703125 0.4853515625 0.0283203125 0.0224609375
2 0.5126953125 0.5419921875 0.0673828125 0.01953125
2 0.783203125 0.4248046875 0.0673828125 0.02734375
2 0.9345703125 0.4609375 0.048828125 0.0400390625
2 0.865234375 0.5419921875 0.0810546875 0.0302734375
2 0.7138671875 0.5048828125 0.0517578125 0.0400390625
0 0.833984375 0.51953125 0.0439453125 0.0146484375
2 0.767578125 0.6064453125 0.0673828125 0.0322265625
2 0.9326171875 0.6328125 0.0546875 0.0400390625
2 0.724609375 0.6953125 0.056640625 0.044921875
2 0.8876953125 0.724609375 0.0712890625 0.0322265625
0 0.849609375 0.69921875 0.0390625 0.0185546875
2 0.5048828125 0.591796875 0.076171875 0.0166015625
2 0.3916015625 0.65234375 0.0341796875 0.04296875
2 0.6142578125 0.6611328125 0.03515625 0.0390625
0 0.564453125 0.662109375 0.0224609375 0.0234375
2 0.494140625 0.7216796875 0.0693359375 0.015625
2 0.2890625 0.6259765625 0.05859375 0.0390625
2 0.1357421875 0.6044921875 0.0751953125 0.0341796875
2 0.0966796875 0.69140625 0.056640625 0.0400390625
2 0.2451171875 0.712890625 0.060546875 0.0302734375
0 0.2158203125 0.69140625 0.0322265625 0.015625
2 0.2099609375 0.779296875 0.07421875 0.0234375
2 0.06640625 0.818359375 0.0498046875 0.046875
2 0.2763671875 0.865234375 0.0322265625 0.0400390625
2 0.12890625 0.90234375 0.0712890625 0.029296875
0 0.228515625 0.8583984375 0.03125 0.021484375
2 0.5107421875 0.7763671875 0.0771484375 0.0185546875
2 0.380859375 0.833984375 0.037109375 0.0498046875
2 0.6123046875 0.853515625 0.03125 0.044921875
2 0.4853515625 0.912109375 0.0791015625 0.0234375
0 0.4775390625 0.8779296875 0.0400390625 0.0205078125
2 0.765625 0.7958984375 0.0634765625 0.041015625
2 0.93359375 0.8251953125 0.05859375 0.041015625
2 0.724609375 0.8896484375 0.0615234375 0.0458984375
2 0.8916015625 0.9189453125 0.0791015625 0.0322265625
0 0.8896484375 0.8408203125 0.037109375 0.0302734375