1 0.4833984375 0.626953125 0.0439453125 0.052734375
1 0.005859375 0.0078125 0.01171875 0.015625
1 0.203125 0.3447265625 0.033203125 0.044921875
1 0.1416015625 0.5 0.0302734375 0.048828125
1 0.3515625 0.091796875 0.033203125 0.0361328125
1 0.3671875 0.4326171875 0.015625 0.0595703125
1 0.3046875 0.607421875 0.0341796875 0.0244140625
1 0.11328125 0.732421875 0.0234375 0.060546875
1 0.314453125 0.341796875 0.033203125 0.025390625
0 0.357421875 0.2109375 0.015625 0.03125
1 0.5625 0.76953125 0.0302734375 0.0791015625
1 0.1767578125 0.0888671875 0.0322265625 0.0390625
1 0.357421875 0.7080078125 0.015625 0.06640625
1 0.23828125 0.1376953125 0.0234375 0.060546875
1 0.73828125 0.1787109375 0.017578125 0.0654296875
1 0.2626953125 0.4404296875 0.015625 0.060546875
1 0.4853515625 0.3515625 0.037109375 0.0400390625
1 0.8115234375 0.3662109375 0.04296875 0.0400390625
1 0.5263671875 0.1982421875 0.01953125 0.0654296875
0 0.4892578125 0.1298828125 0.01953125 0.0263671875
1 0.30859375 0.2646484375 0.03125 0.03515625
1 0.248046875 0.7041015625 0.0146484375 0.0634765625
1 0.6669921875 0.099609375 0.03515625 0.056640625
1 0.212890625 0.47265625 0.025390625 0.0576171875
0 0.189453125 0.6650390625 0.0126953125 0.0302734375
1 0.767578125 0.560546875 0.041015625 0.0419921875
1 0.673828125 0.2373046875 0.0322265625 0.064453125
1 0.1337890625 0.37109375 0.0263671875 0.0546875
1 0.505859375 0.7724609375 0.03125 0.0712890625
1 0.2041015625 0.6357421875 0.02734375 0.0595703125
1 0.462890625 0.267578125 0.0341796875 0.03125
1 0.1806640625 0.7705078125 0.033203125 0.0517578125
1 0.423828125 0.1572265625 0.0185546875 0.0615234375
1 0.625 0.3505859375 0.0390625 0.029296875
1 0.5146484375 0.4794921875 0.021484375 0.0615234375
1 0.28515625 0.1474609375 0.0224609375 0.05859375
1 0.86328125 0.1728515625 0.017578125 0.0654296875
1 0.80078125 0.27734375 0.04296875 0.03515625
1 0.4150390625 0.40625 0.0234375 0.060546875
0 0.609375 0.1357421875 0.0205078125 0.03125
1 0.408203125 0.6669921875 0.02734375 0.064453125
1 0.2978515625 0.80859375 0.033203125 0.0244140625
1 0.3759765625 0.21484375 0.01953125 0.0615234375
1 0.443359375 0.53125 0.03515625 0.0390625
1 0.2060546875 0.2490234375 0.033203125 0.0439453125
1 0.5986328125 0.634765625 0.0419921875 0.0478515625
1 0.6728515625 0.6982421875 0.029296875 0.0712890625
0 0.8203125 0.4951171875 0.01953125 0.0361328125
1 0.8525390625 0.5009765625 0.025390625 0.068359375
1 0.6796875 0.4609375 0.0146484375 0.0693359375
1 0.564453125 0.439453125 0.017578125 0.068359375
1 0.7421875 0.83203125 0.037109375 0.0673828125
1 0.1455078125 0.203125 0.0185546875 0.0517578125
0 0.197265625 0.3828125 0.0166015625 0.0283203125
1 0.4296875 0.8076171875 0.0390625 0.0556640625
0 0.8095703125 0.818359375 0.0234375 0.03515625
1 0.638671875 0.841796875 0.0419921875 0.0537109375
1 0.732421875 0.427734375 0.0234375 0.0693359375
1 0.8369140625 0.853515625 0.0400390625 0.0615234375
1 0.314453125 0.5322265625 0.033203125 0.02734375
0 0.439453125 0.4140625 0.0185546875 0.0341796875
1 0.796875 0.076171875 0.0390625 0.0302734375
0 0.322265625 0.384765625 0.017578125 0.021484375
1 0.8408203125 0.6962890625 0.0380859375 0.0625
1 0.48828125 0.0830078125 0.033203125 0.0302734375
1 0.61328125 0.548828125 0.0390625 0.0283203125
1 0.7470703125 0.677734375 0.0341796875 0.0595703125
1 0.5908203125 0.2470703125 0.03515625 0.0556640625
0 0.333984375 0.716796875 0.013671875 0.033203125
1 0.13671875 0.599609375 0.03515625 0.0458984375
0 0.482421875 0.75390625 0.017578125 0.0361328125
1 0.5791015625 0.1318359375 0.0146484375 0.0263671875
0 0.197265625 0.22265625 0.0166015625 0.0205078125
0 0.626953125 0.3955078125 0.0205078125 0.0263671875
0 0.6494140625 0.724609375 0.015625 0.03515625