1 0.20703125 0.0595703125 0.0263671875 0.064453125
1 0.107421875 0.130859375 0.0205078125 0.0595703125
1 0.1728515625 0.1806640625 0.0341796875 0.0439453125
1 0.142578125 0.0166015625 0.03515625 0.033203125
1 0.2578125 0.072265625 0.0244140625 0.0634765625
1 0.2841796875 0.197265625 0.0380859375 0.037109375
0 0.1640625 0.1513671875 0.0185546875 0.0224609375
0 0.3349609375 0.1396484375 0.017578125 0.03515625
1 0.357421875 0.14453125 0.0224609375 0.068359375
1 0.3310546875 0.017578125 0.037109375 0.03515625
1 0.408203125 0.0859375 0.01953125 0.0673828125
1 0.4755859375 0.01171875 0.0400390625 0.0234375
1 0.44921875 0.203125 0.0390625 0.03125
1 0.517578125 0.126953125 0.0166015625 0.068359375
0 0.4775390625 0.05859375 0.0205078125 0.0322265625
1 0.580078125 0.0458984375 0.029296875 0.0625
0 0.6025390625 0.0673828125 0.0185546875 0.0302734375
1 0.6630859375 0.0283203125 0.0380859375 0.052734375
1 0.5859375 0.1875 0.037109375 0.052734375
1 0.669921875 0.169921875 0.0302734375 0.06640625
1 0.7958984375 0.0146484375 0.0419921875 0.029296875
1 0.7373046875 0.1171875 0.0185546875 0.0703125
1 0.8603515625 0.1103515625 0.0185546875 0.0703125
1 0.80078125 0.212890625 0.044921875 0.0361328125
0 0.7919921875 0.173828125 0.0224609375 0.0283203125
1 0.810546875 0.3046875 0.0400390625 0.037109375
1 0.728515625 0.369140625 0.0224609375 0.072265625
0 0.8203125 0.439453125 0.0205078125 0.037109375
1 0.8525390625 0.443359375 0.0244140625 0.072265625
1 0.767578125 0.5068359375 0.0439453125 0.04296875
1 0.619140625 0.2900390625 0.0400390625 0.0263671875
1 0.5546875 0.3876953125 0.0146484375 0.0693359375
1 0.6767578125 0.4013671875 0.0146484375 0.0712890625
1 0.6103515625 0.4970703125 0.0390625 0.0205078125
0 0.623046875 0.337890625 0.0205078125 0.02734375
1 0.47265625 0.2890625 0.0390625 0.0390625
1 0.505859375 0.4189453125 0.021484375 0.068359375
1 0.3984375 0.3505859375 0.0224609375 0.06640625
1 0.4306640625 0.4794921875 0.0380859375 0.0390625
0 0.4248046875 0.357421875 0.0185546875 0.0341796875
1 0.0927734375 0.306640625 0.0302734375 0.0625
1 0.1689453125 0.283203125 0.03515625 0.0517578125
0 0.162109375 0.32421875 0.0205078125 0.0361328125
1 0.1796875 0.4169921875 0.029296875 0.0634765625
1 0.1015625 0.4453125 0.03515625 0.0478515625
1 0.291015625 0.2822265625 0.0380859375 0.02734375
1 0.2333984375 0.384765625 0.0166015625 0.0693359375
1 0.291015625 0.478515625 0.0400390625 0.02734375
1 0.3466796875 0.3759765625 0.017578125 0.0654296875
0 0.298828125 0.3251953125 0.01953125 0.0244140625
1 0.74609375 0.6279296875 0.03515625 0.0654296875
1 0.8388671875 0.640625 0.0390625 0.0654296875
1 0.7431640625 0.787109375 0.0390625 0.06640625
1 0.837890625 0.8037109375 0.0380859375 0.0673828125
0 0.80859375 0.771484375 0.0185546875 0.033203125
1 0.669921875 0.650390625 0.0283203125 0.0703125
0 0.646484375 0.677734375 0.0146484375 0.0380859375
1 0.587890625 0.587890625 0.0400390625 0.046875
1 0.5546875 0.7294921875 0.0263671875 0.072265625
1 0.6376953125 0.7958984375 0.041015625 0.0498046875
1 0.470703125 0.580078125 0.0390625 0.041015625
1 0.3916015625 0.6240234375 0.0263671875 0.0693359375
1 0.49609375 0.724609375 0.025390625 0.072265625
1 0.4130859375 0.7724609375 0.0380859375 0.0478515625
0 0.470703125 0.7119140625 0.01953125 0.0361328125
1 0.3349609375 0.6669921875 0.017578125 0.0693359375
1 0.2802734375 0.560546875 0.041015625 0.0322265625
1 0.216796875 0.6669921875 0.017578125 0.072265625
1 0.2734375 0.7734375 0.0390625 0.029296875
0 0.3115234375 0.67578125 0.015625 0.03515625
1 0.0927734375 0.5537109375 0.037109375 0.0517578125
1 0.16796875 0.5908203125 0.03125 0.0654296875
1 0.068359375 0.697265625 0.02734375 0.06640625
1 0.14453125 0.734375 0.0380859375 0.0546875
0 0.15234375 0.623046875 0.0146484375 0.037109375