1 0.291015625 0.462890625 0.0390625 0.03125
1 0.1953125 0.2314453125 0.02734375 0.06640625
1 0.1240234375 0.173828125 0.03515625 0.0439453125
1 0.345703125 0.845703125 0.017578125 0.06640625
1 0.296875 0.666015625 0.03515625 0.0283203125
1 0.1103515625 0.7373046875 0.033203125 0.05078125
1 0.11328125 0.6337890625 0.0341796875 0.046875
1 0.474609375 0.4736328125 0.0380859375 0.0400390625
1 0.1845703125 0.7734375 0.03125 0.0615234375
1 0.1689453125 0.908203125 0.0322265625 0.048828125
1 0.6689453125 0.1943359375 0.0380859375 0.0634765625
1 0.166015625 0.361328125 0.03515625 0.044921875
1 0.2802734375 0.3779296875 0.03515625 0.0390625
1 0.1689453125 0.466796875 0.037109375 0.0478515625
1 0.3505859375 0.560546875 0.0185546875 0.06640625
1 0.4462890625 0.3818359375 0.037109375 0.0361328125
1 0.806640625 0.396484375 0.04296875 0.0322265625
1 0.8759765625 0.2822265625 0.0185546875 0.07421875
1 0.400390625 0.533203125 0.0244140625 0.0673828125
1 0.4775390625 0.7646484375 0.0390625 0.0498046875
1 0.8095703125 0.171875 0.0419921875 0.0322265625
1 0.23828125 0.568359375 0.0166015625 0.0634765625
1 0.4033203125 0.255859375 0.0185546875 0.0693359375
1 0.0966796875 0.873046875 0.0283203125 0.0595703125
1 0.2900390625 0.7470703125 0.0361328125 0.029296875
1 0.185546875 0.60546875 0.0244140625 0.060546875
1 0.236328125 0.845703125 0.015625 0.0634765625
1 0.740234375 0.9638671875 0.03515625 0.0654296875
1 0.3515625 0.322265625 0.021484375 0.0673828125
1 0.6376953125 0.96875 0.0390625 0.048828125
1 0.322265625 0.1826171875 0.037109375 0.041015625
1 0.2470703125 0.2451171875 0.0234375 0.0693359375
1 0.4736328125 0.173828125 0.037109375 0.0361328125
1 0.095703125 0.30859375 0.0234375 0.064453125
1 0.6103515625 0.681640625 0.041015625 0.03125
1 0.0947265625 0.4931640625 0.0263671875 0.0615234375
1 0.74609375 0.8115234375 0.03515625 0.060546875
1 0.814453125 0.490234375 0.04296875 0.037109375
1 0.4248046875 0.9453125 0.0380859375 0.048828125
1 0.2919921875 0.947265625 0.0380859375 0.029296875
1 0.6728515625 0.3486328125 0.033203125 0.0703125
1 0.58203125 0.208984375 0.0390625 0.072265625
1 0.515625 0.3056640625 0.0224609375 0.0703125
1 0.5927734375 0.76953125 0.04296875 0.0517578125
1 0.5595703125 0.90234375 0.029296875 0.0751953125
1 0.8359375 0.8251953125 0.037109375 0.0625
1 0.7685546875 0.6943359375 0.0400390625 0.041015625
1 0.830078125 0.9736328125 0.0390625 0.052734375
1 0.3994140625 0.8037109375 0.0263671875 0.06640625
1 0.7431640625 0.287109375 0.0185546875 0.076171875
1 0.6220703125 0.4716796875 0.041015625 0.029296875
1 0.5078125 0.60546875 0.0263671875 0.0712890625
1 0.435546875 0.6630859375 0.0380859375 0.041015625
1 0.671875 0.8349609375 0.02734375 0.0693359375
1 0.501953125 0.9033203125 0.025390625 0.068359375
1 0.7333984375 0.5546875 0.0234375 0.0693359375
1 0.5849609375 0.3603515625 0.0390625 0.0634765625
1 0.5576171875 0.5673828125 0.0166015625 0.0732421875
1 0.6787109375 0.58984375 0.015625 0.072265625
1 0.853515625 0.6298828125 0.0283203125 0.0712890625