1 0.21484375 0.28515625 0.025390625 0.06640625
1 0.150390625 0.23828125 0.0400390625 0.052734375
1 0.12890625 0.357421875 0.0244140625 0.072265625
1 0.193359375 0.408203125 0.0380859375 0.0458984375
0 0.181640625 0.3720703125 0.017578125 0.0263671875
1 0.3271484375 0.2314453125 0.044921875 0.041015625
1 0.2626953125 0.29296875 0.0302734375 0.078125
1 0.296875 0.4130859375 0.0390625 0.0595703125
1 0.359375 0.3603515625 0.0234375 0.0703125
1 0.4072265625 0.30078125 0.0322265625 0.087890625
1 0.4677734375 0.220703125 0.052734375 0.044921875
1 0.5107421875 0.3369140625 0.0263671875 0.0810546875
1 0.4453125 0.4091796875 0.0458984375 0.0400390625
1 0.5732421875 0.2470703125 0.0341796875 0.0703125
1 0.6552734375 0.2255859375 0.0400390625 0.0625
1 0.662109375 0.373046875 0.0341796875 0.0751953125
1 0.5810546875 0.39453125 0.041015625 0.056640625
1 0.732421875 0.31640625 0.0244140625 0.083984375
1 0.7958984375 0.2001953125 0.0517578125 0.0400390625
1 0.86328125 0.302734375 0.0224609375 0.1005859375
1 0.796875 0.416015625 0.0478515625 0.0361328125
1 0.19140625 0.5029296875 0.037109375 0.0439453125
1 0.126953125 0.533203125 0.0263671875 0.064453125
1 0.1474609375 0.66015625 0.0341796875 0.052734375
1 0.208984375 0.6318359375 0.02734375 0.060546875
1 0.2998046875 0.5009765625 0.044921875 0.0380859375
1 0.2568359375 0.6005859375 0.017578125 0.0751953125
1 0.3125 0.6884765625 0.0400390625 0.0400390625
1 0.357421875 0.5888671875 0.01953125 0.078125
1 0.404296875 0.5634765625 0.0205078125 0.0771484375
1 0.4736328125 0.50390625 0.0458984375 0.044921875
1 0.4384765625 0.6875 0.03515625 0.0439453125
1 0.505859375 0.6240234375 0.0283203125 0.0703125
1 0.5546875 0.599609375 0.0234375 0.0810546875
1 0.615234375 0.4990234375 0.044921875 0.037109375
1 0.669921875 0.6083984375 0.0224609375 0.076171875
1 0.609375 0.7021484375 0.0478515625 0.0380859375
1 0.7255859375 0.580078125 0.025390625 0.0810546875
1 0.8056640625 0.5146484375 0.0498046875 0.052734375
1 0.8505859375 0.654296875 0.0234375 0.0810546875
1 0.76171875 0.71875 0.052734375 0.05859375
1 0.83203125 0.8486328125 0.0419921875 0.07421875
1 0.7421875 0.833984375 0.0400390625 0.06640625
1 0.6689453125 0.85546875 0.0322265625 0.0771484375
1 0.5888671875 0.79296875 0.0478515625 0.056640625
1 0.560546875 0.923828125 0.0341796875 0.0810546875
1 0.48046875 0.787109375 0.0439453125 0.048828125
1 0.50390625 0.9189453125 0.02734375 0.078125
1 0.4326171875 0.958984375 0.0419921875 0.0546875
1 0.408203125 0.826171875 0.029296875 0.076171875
1 0.35546875 0.8583984375 0.0234375 0.0703125
1 0.3037109375 0.7666015625 0.046875 0.03515625
1 0.2568359375 0.8603515625 0.0185546875 0.078125
1 0.3125 0.9609375 0.037109375 0.03125
1 0.197265625 0.916015625 0.0322265625 0.056640625
1 0.1318359375 0.8857421875 0.029296875 0.068359375
1 0.1435546875 0.7607421875 0.037109375 0.060546875
1 0.2119140625 0.7939453125 0.0302734375 0.0556640625
0 0.337890625 0.357421875 0.0146484375 0.03515625
0 0.4716796875 0.265625 0.0185546875 0.0400390625
0 0.5966796875 0.26953125 0.025390625 0.0341796875
0 0.7900390625 0.37109375 0.025390625 0.037109375
0 0.8154296875 0.646484375 0.021484375 0.0361328125
0 0.6181640625 0.54296875 0.0234375 0.021484375
0 0.4287109375 0.5693359375 0.0185546875 0.0390625
0 0.3125 0.5419921875 0.0224609375 0.02734375
0 0.193359375 0.5419921875 0.0224609375 0.029296875
0 0.19921875 0.8203125 0.013671875 0.0341796875
0 0.3388671875 0.869140625 0.0126953125 0.0400390625
0 0.4814453125 0.9052734375 0.015625 0.0380859375
0 0.6455078125 0.875 0.0126953125 0.0390625
0 0.8017578125 0.9697265625 0.02734375 0.029296875