2 0.333984375 0.111328125 0.072265625 0.0439453125
2 0.171875 0.1015625 0.0654296875 0.0302734375
2 0.1689453125 0.1875 0.068359375 0.0341796875
2 0.3291015625 0.1962890625 0.0556640625 0.037109375
0 0.2861328125 0.1826171875 0.0361328125 0.01953125
2 0.50390625 0.10546875 0.064453125 0.0244140625
2 0.4580078125 0.181640625 0.052734375 0.037109375
2 0.640625 0.138671875 0.044921875 0.0419921875
2 0.603515625 0.212890625 0.0693359375 0.03125
0 0.564453125 0.1943359375 0.0419921875 0.0166015625
2 0.86328125 0.125 0.05859375 0.029296875
2 0.740234375 0.146484375 0.03515625 0.0361328125
2 0.91796875 0.197265625 0.044921875 0.0390625
2 0.794921875 0.22265625 0.0830078125 0.0263671875
0 0.7939453125 0.2021484375 0.033203125 0.017578125
2 0.79296875 0.2802734375 0.0537109375 0.0302734375
2 0.9228515625 0.298828125 0.0537109375 0.0361328125
2 0.7646484375 0.357421875 0.060546875 0.037109375
2 0.9033203125 0.3759765625 0.064453125 0.0390625
0 0.8896484375 0.3173828125 0.0283203125 0.0224609375
2 0.61328125 0.2734375 0.0654296875 0.029296875
2 0.474609375 0.291015625 0.0419921875 0.0390625
2 0.517578125 0.373046875 0.072265625 0.0283203125
2 0.658203125 0.3525390625 0.0458984375 0.0419921875
0 0.5234375 0.3505859375 0.0478515625 0.0185546875
2 0.345703125 0.2802734375 0.0634765625 0.0390625
2 0.185546875 0.271484375 0.0654296875 0.0322265625
2 0.1796875 0.3583984375 0.06640625 0.03515625
2 0.3447265625 0.3662109375 0.05859375 0.0380859375
0 0.30078125 0.3525390625 0.0361328125 0.01953125
2 0.1904296875 0.443359375 0.06640625 0.0390625
2 0.3505859375 0.4560546875 0.0654296875 0.0390625
2 0.1640625 0.533203125 0.06640625 0.0380859375
2 0.33203125 0.5419921875 0.064453125 0.041015625
0 0.2900390625 0.525390625 0.0380859375 0.021484375
2 0.55859375 0.4287109375 0.0654296875 0.0185546875
2 0.4599609375 0.490234375 0.0390625 0.0419921875
2 0.666015625 0.4853515625 0.033203125 0.0419921875
2 0.572265625 0.5458984375 0.080078125 0.0224609375
0 0.6220703125 0.4921875 0.03125 0.0263671875
2 0.8125 0.4326171875 0.0576171875 0.0234375
2 0.7578125 0.5068359375 0.0537109375 0.0390625
2 0.9384765625 0.46875 0.0478515625 0.0400390625
2 0.8876953125 0.5419921875 0.0751953125 0.0302734375
0 0.857421875 0.521484375 0.0400390625 0.013671875
2 0.8076171875 0.6015625 0.0634765625 0.033203125
2 0.9462890625 0.6220703125 0.0556640625 0.037109375
2 0.921875 0.705078125 0.0634765625 0.0361328125
2 0.78125 0.6875 0.0634765625 0.0439453125
0 0.8818359375 0.68359375 0.0322265625 0.01953125
2 0.5732421875 0.5966796875 0.0771484375 0.0185546875
2 0.4638671875 0.6591796875 0.0361328125 0.0458984375
2 0.677734375 0.6591796875 0.03125 0.044921875
2 0.5712890625 0.724609375 0.080078125 0.021484375
0 0.6259765625 0.6630859375 0.0322265625 0.0263671875
2 0.357421875 0.638671875 0.0595703125 0.0400390625
2 0.1962890625 0.62109375 0.07421875 0.0380859375
2 0.3203125 0.73046875 0.0693359375 0.037109375
2 0.1552734375 0.71484375 0.064453125 0.0419921875
0 0.2861328125 0.7080078125 0.046875 0.0224609375
2 0.2919921875 0.798828125 0.080078125 0.0224609375
2 0.1298828125 0.8515625 0.05078125 0.048828125
2 0.3623046875 0.884765625 0.0400390625 0.0419921875
2 0.208984375 0.9384765625 0.078125 0.0234375
0 0.3125 0.8798828125 0.0380859375 0.025390625
2 0.587890625 0.775390625 0.0693359375 0.0224609375
2 0.4736328125 0.84375 0.0361328125 0.0498046875
2 0.69140625 0.841796875 0.02734375 0.0419921875
2 0.580078125 0.908203125 0.078125 0.01953125
2 0.7978515625 0.869140625 0.0615234375 0.0439453125
2 0.9375 0.87890625 0.0712890625 0.0361328125
2 0.96484375 0.79296875 0.046875 0.037109375
2 0.8232421875 0.775390625 0.052734375 0.0380859375
0 0.927734375 0.810546875 0.03125 0.025390625
0 0.564453125 0.876953125 0.0419921875 0.017578125