1 0.2119140625 0.107421875 0.0400390625 0.0498046875
1 0.177734375 0.232421875 0.0244140625 0.0732421875
1 0.1689453125 0.41796875 0.0302734375 0.0791015625
1 0.181640625 0.5576171875 0.0419921875 0.05859375
1 0.1748046875 0.6708984375 0.0439453125 0.0673828125
1 0.1533203125 0.8125 0.02734375 0.0791015625
1 0.2294921875 0.8515625 0.0419921875 0.056640625
1 0.2529296875 0.7060546875 0.03515625 0.0849609375
1 0.3623046875 0.68359375 0.044921875 0.0458984375
1 0.4169921875 0.7919921875 0.0205078125 0.0869140625
1 0.3046875 0.78125 0.029296875 0.0859375
1 0.3603515625 0.8857421875 0.0390625 0.0419921875
1 0.4736328125 0.7421875 0.02734375 0.0830078125
1 0.5537109375 0.70703125 0.041015625 0.0537109375
1 0.4970703125 0.8896484375 0.046875 0.0703125
1 0.5810546875 0.849609375 0.0302734375 0.076171875
1 0.673828125 0.7158203125 0.046875 0.05859375
1 0.6396484375 0.85546875 0.0302734375 0.083984375
1 0.720703125 0.9306640625 0.048828125 0.046875
1 0.7568359375 0.7822265625 0.0283203125 0.0859375
1 0.8349609375 0.763671875 0.0439453125 0.0673828125
1 0.83203125 0.9228515625 0.04296875 0.08203125
1 0.92578125 0.9345703125 0.0380859375 0.0654296875
1 0.9248046875 0.7744140625 0.0400390625 0.072265625
1 0.24609375 0.3935546875 0.0390625 0.0625
1 0.2578125 0.5322265625 0.0322265625 0.0732421875
1 0.3671875 0.38671875 0.046875 0.0361328125
1 0.3134765625 0.4990234375 0.0234375 0.087890625
1 0.369140625 0.5986328125 0.0498046875 0.05078125
1 0.4267578125 0.4931640625 0.0205078125 0.08203125
1 0.478515625 0.4658203125 0.02734375 0.0849609375
1 0.5126953125 0.5966796875 0.044921875 0.052734375
1 0.5859375 0.5380859375 0.02734375 0.0791015625
1 0.5537109375 0.41015625 0.044921875 0.0439453125
1 0.6376953125 0.498046875 0.0166015625 0.087890625
1 0.69140625 0.62109375 0.0537109375 0.0595703125
1 0.7626953125 0.5263671875 0.0263671875 0.083984375
1 0.7021484375 0.41015625 0.048828125 0.0322265625
1 0.8154296875 0.494140625 0.0322265625 0.08203125
1 0.853515625 0.6357421875 0.0576171875 0.0546875
1 0.9384765625 0.5751953125 0.0390625 0.083984375
1 0.90234375 0.4375 0.0458984375 0.0576171875
1 0.28125 0.1591796875 0.03515625 0.0791015625
1 0.2451171875 0.2900390625 0.041015625 0.0537109375
1 0.3310546875 0.1806640625 0.0302734375 0.0869140625
1 0.3623046875 0.3076171875 0.04296875 0.05078125
1 0.4345703125 0.25 0.025390625 0.0849609375
1 0.408203125 0.125 0.044921875 0.0576171875
1 0.490234375 0.19140625 0.021484375 0.0908203125
1 0.5283203125 0.3134765625 0.046875 0.052734375
1 0.6015625 0.2373046875 0.033203125 0.0859375
1 0.55859375 0.1162109375 0.052734375 0.0390625
1 0.6630859375 0.1572265625 0.0400390625 0.0791015625
1 0.6669921875 0.294921875 0.046875 0.0634765625
1 0.7587890625 0.287109375 0.03515625 0.0810546875
1 0.7509765625 0.1435546875 0.0380859375 0.068359375
1 0.826171875 0.2294921875 0.0185546875 0.0849609375
1 0.8896484375 0.1220703125 0.048828125 0.0439453125
1 0.9580078125 0.2294921875 0.0302734375 0.0947265625
1 0.89453125 0.33984375 0.0556640625 0.048828125
0 0.884765625 0.29296875 0.0283203125 0.029296875
0 0.6923828125 0.177734375 0.0283203125 0.0361328125
0 0.5576171875 0.1669921875 0.0283203125 0.0322265625
0 0.4130859375 0.2490234375 0.0185546875 0.048828125
0 0.23828125 0.25390625 0.0224609375 0.0302734375
0 0.240234375 0.435546875 0.021484375 0.0478515625
0 0.37890625 0.439453125 0.01953125 0.03125
0 0.505859375 0.474609375 0.0205078125 0.0439453125
0 0.708984375 0.45703125 0.0244140625 0.03125
0 0.9072265625 0.5703125 0.0244140625 0.048828125
0 0.892578125 0.9052734375 0.0224609375 0.044921875
0 0.732421875 0.8115234375 0.01953125 0.046875
0 0.5546875 0.833984375 0.02734375 0.044921875
0 0.3935546875 0.7900390625 0.0185546875 0.0390625
0 0.2373046875 0.734375 0.0185546875 0.0400390625