2 0.1787109375 0.0986328125 0.052734375 0.0244140625
2 0.169921875 0.1748046875 0.0517578125 0.0244140625
2 0.3134765625 0.177734375 0.048828125 0.03515625
2 0.318359375 0.1005859375 0.05859375 0.0322265625
0 0.279296875 0.16796875 0.0302734375 0.017578125
2 0.4794921875 0.0888671875 0.0576171875 0.021484375
2 0.6123046875 0.1103515625 0.0478515625 0.0380859375
2 0.435546875 0.1611328125 0.046875 0.03125
2 0.5693359375 0.18359375 0.05859375 0.03125
0 0.541015625 0.1689453125 0.033203125 0.0146484375
2 0.8427734375 0.087890625 0.0615234375 0.0234375
2 0.7109375 0.1162109375 0.0361328125 0.0322265625
2 0.7626953125 0.1865234375 0.064453125 0.0185546875
2 0.8984375 0.1572265625 0.0380859375 0.0390625
0 0.76953125 0.166015625 0.03515625 0.015625
2 0.9013671875 0.2568359375 0.0537109375 0.0322265625
0 0.8681640625 0.2783203125 0.0283203125 0.01953125
2 0.7333984375 0.3212890625 0.056640625 0.03125
2 0.8779296875 0.3349609375 0.0615234375 0.0322265625
2 0.7587890625 0.2431640625 0.0625 0.0283203125
2 0.908203125 0.4248046875 0.0498046875 0.0380859375
2 0.8525390625 0.5009765625 0.0712890625 0.0283203125
2 0.7158203125 0.4677734375 0.0458984375 0.03515625
0 0.8212890625 0.48046875 0.0361328125 0.013671875
2 0.7744140625 0.392578125 0.0634765625 0.0224609375
2 0.5166015625 0.3896484375 0.068359375 0.0185546875
2 0.4228515625 0.44921875 0.0302734375 0.0380859375
2 0.52734375 0.5029296875 0.0654296875 0.0185546875
2 0.625 0.4423828125 0.0283203125 0.037109375
0 0.5791015625 0.4501953125 0.0244140625 0.0185546875
2 0.318359375 0.4150390625 0.0576171875 0.0322265625
2 0.173828125 0.404296875 0.0625 0.0302734375
2 0.150390625 0.484375 0.056640625 0.0322265625
2 0.2958984375 0.49609375 0.0556640625 0.0322265625
0 0.2626953125 0.4794921875 0.0400390625 0.015625
2 0.58203125 0.2392578125 0.0634765625 0.0244140625
2 0.6201171875 0.3154296875 0.0439453125 0.0390625
2 0.4833984375 0.3388671875 0.0732421875 0.0244140625
2 0.4423828125 0.2607421875 0.052734375 0.03515625
0 0.4951171875 0.3154296875 0.03515625 0.017578125
2 0.32421875 0.2529296875 0.0625 0.033203125
2 0.181640625 0.25 0.05859375 0.02734375
2 0.1728515625 0.3291015625 0.05859375 0.0283203125
2 0.3173828125 0.3330078125 0.0556640625 0.0341796875
0 0.2822265625 0.3212890625 0.0302734375 0.015625
2 0.9130859375 0.58203125 0.052734375 0.0341796875
2 0.7646484375 0.5595703125 0.06640625 0.0302734375
2 0.7275390625 0.6416015625 0.0556640625 0.0380859375
2 0.87890625 0.6650390625 0.0673828125 0.03125
0 0.8408203125 0.6435546875 0.033203125 0.0146484375
2 0.6240234375 0.6103515625 0.0244140625 0.0390625
2 0.51953125 0.669921875 0.072265625 0.0146484375
2 0.416015625 0.607421875 0.0302734375 0.041015625
2 0.5205078125 0.5498046875 0.0693359375 0.017578125
0 0.578125 0.6142578125 0.0244140625 0.021484375
2 0.314453125 0.58203125 0.0556640625 0.03515625
2 0.169921875 0.5634765625 0.0693359375 0.0302734375
2 0.1298828125 0.646484375 0.048828125 0.0361328125
2 0.27734375 0.6669921875 0.0576171875 0.0322265625
0 0.2470703125 0.646484375 0.03515625 0.0146484375
2 0.2421875 0.728515625 0.07421875 0.01953125
2 0.09765625 0.7705078125 0.04296875 0.04296875
2 0.166015625 0.853515625 0.0712890625 0.0234375
2 0.30859375 0.8134765625 0.03515625 0.0380859375
0 0.26171875 0.806640625 0.0361328125 0.0224609375
2 0.5283203125 0.7197265625 0.07421875 0.017578125
2 0.4150390625 0.7783203125 0.0302734375 0.0439453125
2 0.6279296875 0.7890625 0.03125 0.0439453125
2 0.5107421875 0.8505859375 0.0771484375 0.01953125
0 0.5029296875 0.818359375 0.0380859375 0.017578125
2 0.7666015625 0.7333984375 0.0673828125 0.033203125
2 0.736328125 0.8232421875 0.0576171875 0.0419921875
2 0.921875 0.7568359375 0.056640625 0.037109375
2 0.890625 0.845703125 0.064453125 0.0322265625
0 0.884765625 0.7734375 0.0283203125 0.0234375