1 0.4736328125 0.498046875 0.037109375 0.0390625
1 0.291015625 0.486328125 0.0380859375 0.0302734375
1 0.1787109375 0.9140625 0.0302734375 0.0458984375
1 0.2998046875 0.6845703125 0.03515625 0.02734375
1 0.1181640625 0.6455078125 0.0322265625 0.0419921875
1 0.189453125 0.62109375 0.025390625 0.060546875
1 0.099609375 0.509765625 0.0263671875 0.060546875
1 0.19140625 0.7861328125 0.029296875 0.0595703125
1 0.4453125 0.4072265625 0.0390625 0.0380859375
1 0.3505859375 0.58203125 0.0185546875 0.0654296875
1 0.3193359375 0.2060546875 0.037109375 0.041015625
1 0.296875 0.9541015625 0.0341796875 0.02734375
1 0.2431640625 0.85546875 0.0166015625 0.0634765625
1 0.4345703125 0.685546875 0.03515625 0.0380859375
1 0.4716796875 0.19921875 0.0380859375 0.037109375
1 0.12109375 0.1923828125 0.0361328125 0.04296875
1 0.2412109375 0.587890625 0.0166015625 0.0634765625
1 0.5888671875 0.7919921875 0.0390625 0.0498046875
1 0.40234375 0.2802734375 0.0185546875 0.068359375
1 0.16796875 0.3828125 0.0361328125 0.044921875
1 0.400390625 0.5537109375 0.0234375 0.06640625
1 0.0966796875 0.3271484375 0.0244140625 0.0625
1 0.107421875 0.87890625 0.0263671875 0.0556640625
1 0.6083984375 0.705078125 0.041015625 0.033203125
1 0.5078125 0.62890625 0.025390625 0.068359375
1 0.62109375 0.498046875 0.0400390625 0.03125
1 0.671875 0.37890625 0.033203125 0.068359375
1 0.171875 0.486328125 0.03515625 0.0458984375
1 0.6669921875 0.2236328125 0.0390625 0.0654296875
1 0.119140625 0.75 0.033203125 0.0498046875
1 0.279296875 0.3994140625 0.03515625 0.0380859375
1 0.4765625 0.78125 0.0380859375 0.0478515625
1 0.8046875 0.4296875 0.04296875 0.02734375
1 0.349609375 0.8583984375 0.015625 0.0595703125
1 0.193359375 0.2529296875 0.02734375 0.064453125
1 0.6748046875 0.615234375 0.0166015625 0.0703125
1 0.876953125 0.3154296875 0.017578125 0.0712890625
1 0.8125 0.5224609375 0.041015625 0.0400390625
1 0.349609375 0.3466796875 0.01953125 0.06640625
1 0.5146484375 0.333984375 0.021484375 0.0712890625
1 0.740234375 0.833984375 0.037109375 0.0595703125
1 0.6328125 0.982421875 0.0380859375 0.0341796875
1 0.810546875 0.203125 0.0419921875 0.03125
1 0.8271484375 0.8486328125 0.0380859375 0.0615234375
1 0.5546875 0.9208984375 0.0263671875 0.068359375
1 0.4248046875 0.9541015625 0.0341796875 0.0458984375
1 0.7294921875 0.58203125 0.0244140625 0.0712890625
1 0.7626953125 0.720703125 0.0400390625 0.0419921875
1 0.7412109375 0.3173828125 0.01953125 0.0791015625
1 0.5556640625 0.5908203125 0.017578125 0.0703125
1 0.5810546875 0.2353515625 0.0380859375 0.0712890625
1 0.3994140625 0.8203125 0.0244140625 0.064453125
1 0.732421875 0.97265625 0.0361328125 0.0537109375
1 0.6650390625 0.8525390625 0.02734375 0.06640625
1 0.5009765625 0.91796875 0.025390625 0.064453125
1 0.8486328125 0.6630859375 0.029296875 0.0703125
1 0.5830078125 0.3876953125 0.0380859375 0.0634765625
1 0.2451171875 0.2666015625 0.021484375 0.068359375
1 0.2939453125 0.7626953125 0.0361328125 0.0283203125