1 0.4697265625 0.501953125 0.0400390625 0.04296875
1 0.177734375 0.6298828125 0.0263671875 0.0595703125
1 0.39453125 0.5615234375 0.0244140625 0.0693359375
1 0.2705078125 0.400390625 0.037109375 0.0400390625
1 0.2890625 0.6943359375 0.0361328125 0.02734375
1 0.1064453125 0.7587890625 0.03515625 0.0498046875
1 0.166015625 0.9296875 0.029296875 0.04296875
1 0.109375 0.1865234375 0.0380859375 0.044921875
1 0.6748046875 0.3818359375 0.0341796875 0.0712890625
1 0.587890625 0.8076171875 0.04296875 0.048828125
1 0.103515625 0.65625 0.0341796875 0.0458984375
1 0.154296875 0.3828125 0.03515625 0.0458984375
1 0.28125 0.4892578125 0.0380859375 0.0283203125
1 0.7685546875 0.7392578125 0.04296875 0.0458984375
1 0.34375 0.345703125 0.021484375 0.0673828125
1 0.0830078125 0.3271484375 0.0244140625 0.0654296875
1 0.4404296875 0.4091796875 0.0380859375 0.0341796875
1 0.5126953125 0.3330078125 0.0205078125 0.0693359375
1 0.669921875 0.21875 0.0390625 0.0673828125
1 0.1591796875 0.4892578125 0.0361328125 0.044921875
1 0.888671875 0.31640625 0.017578125 0.07421875
1 0.2353515625 0.259765625 0.0224609375 0.0673828125
1 0.5537109375 0.94140625 0.02734375 0.072265625
1 0.3095703125 0.201171875 0.0390625 0.0419921875
1 0.396484375 0.2783203125 0.01953125 0.0712890625
1 0.181640625 0.2490234375 0.029296875 0.064453125
1 0.3427734375 0.587890625 0.0185546875 0.0654296875
1 0.580078125 0.2333984375 0.0390625 0.0771484375
1 0.2890625 0.97265625 0.037109375 0.03125
1 0.7490234375 0.3173828125 0.0185546875 0.078125
1 0.6083984375 0.71875 0.04296875 0.0341796875
1 0.5830078125 0.3896484375 0.0390625 0.0673828125
1 0.6669921875 0.873046875 0.02734375 0.0703125
1 0.47265625 0.7978515625 0.0400390625 0.05078125
1 0.4208984375 0.9736328125 0.037109375 0.0478515625
1 0.2841796875 0.7744140625 0.0361328125 0.029296875
1 0.3427734375 0.873046875 0.017578125 0.0634765625
1 0.818359375 0.19921875 0.0478515625 0.0341796875
1 0.0947265625 0.890625 0.02734375 0.05859375
1 0.498046875 0.9365234375 0.0244140625 0.0673828125
1 0.5546875 0.599609375 0.017578125 0.068359375
1 0.7431640625 0.85546875 0.037109375 0.0625
1 0.3955078125 0.8359375 0.0244140625 0.064453125
1 0.8125 0.435546875 0.0439453125 0.02734375
1 0.4287109375 0.6962890625 0.0380859375 0.0419921875
1 0.5048828125 0.6376953125 0.0263671875 0.0693359375
1 0.6796875 0.626953125 0.0185546875 0.0703125
1 0.4677734375 0.193359375 0.0390625 0.0341796875
1 0.23046875 0.59765625 0.0185546875 0.064453125
1 0.6240234375 0.5087890625 0.0419921875 0.0302734375
1 0.8359375 0.87109375 0.03515625 0.0634765625
1 0.0859375 0.513671875 0.0263671875 0.060546875
1 0.1748046875 0.7919921875 0.0244140625 0.046875
1 0.734375 0.59375 0.0263671875 0.0712890625
1 0.8203125 0.5322265625 0.0439453125 0.041015625
1 0.232421875 0.8701171875 0.017578125 0.06640625
1 0.859375 0.6796875 0.0302734375 0.0732421875