2 0.3056640625 0.0732421875 0.064453125 0.0390625
2 0.1455078125 0.07421875 0.0703125 0.0341796875
2 0.1474609375 0.1611328125 0.0673828125 0.033203125
2 0.3017578125 0.1611328125 0.0546875 0.0400390625
0 0.2646484375 0.150390625 0.037109375 0.0205078125
2 0.482421875 0.056640625 0.0654296875 0.0234375
2 0.435546875 0.1396484375 0.0498046875 0.03515625
2 0.5849609375 0.166015625 0.0712890625 0.03515625
2 0.6298828125 0.08203125 0.0576171875 0.0419921875
0 0.5498046875 0.1494140625 0.0361328125 0.0146484375
2 0.8828125 0.0546875 0.0673828125 0.02734375
2 0.73828125 0.087890625 0.0419921875 0.037109375
2 0.794921875 0.16796875 0.07421875 0.021484375
2 0.94140625 0.134765625 0.0458984375 0.0478515625
0 0.7998046875 0.1455078125 0.05078125 0.01953125
2 0.9423828125 0.2490234375 0.0546875 0.0380859375
2 0.7890625 0.2333984375 0.0654296875 0.033203125
2 0.7568359375 0.3193359375 0.0556640625 0.03515625
2 0.9140625 0.3359375 0.06640625 0.037109375
0 0.9052734375 0.271484375 0.0302734375 0.0234375
2 0.595703125 0.23046875 0.0703125 0.029296875
2 0.4453125 0.2548828125 0.048828125 0.0380859375
2 0.486328125 0.3388671875 0.068359375 0.0244140625
2 0.6376953125 0.314453125 0.044921875 0.04296875
0 0.501953125 0.3154296875 0.0380859375 0.021484375
2 0.31640625 0.24609375 0.068359375 0.0390625
2 0.162109375 0.2451171875 0.0625 0.0361328125
2 0.1572265625 0.33203125 0.0625 0.033203125
2 0.3134765625 0.3359375 0.05859375 0.0400390625
0 0.2744140625 0.3212890625 0.037109375 0.01953125
2 0.318359375 0.4248046875 0.0625 0.037109375
2 0.1611328125 0.4150390625 0.0673828125 0.0361328125
2 0.142578125 0.5009765625 0.0625 0.0380859375
2 0.298828125 0.509765625 0.0625 0.0361328125
0 0.263671875 0.494140625 0.033203125 0.015625
2 0.525390625 0.396484375 0.07421875 0.0185546875
2 0.4287109375 0.4599609375 0.0322265625 0.0390625
2 0.640625 0.4521484375 0.0390625 0.041015625
2 0.5439453125 0.5185546875 0.076171875 0.015625
0 0.5947265625 0.4609375 0.0224609375 0.0224609375
2 0.533203125 0.56640625 0.072265625 0.0166015625
2 0.169921875 0.583984375 0.0712890625 0.03515625
2 0.3203125 0.6005859375 0.0595703125 0.0380859375
2 0.1328125 0.6689453125 0.0537109375 0.0380859375
2 0.2861328125 0.6865234375 0.0615234375 0.03125
0 0.25390625 0.666015625 0.0400390625 0.0205078125
2 0.4267578125 0.625 0.0361328125 0.044921875
2 0.5322265625 0.6904296875 0.078125 0.0205078125
2 0.6376953125 0.62890625 0.037109375 0.0419921875
0 0.59375 0.6337890625 0.0302734375 0.0244140625
2 0.2509765625 0.7509765625 0.078125 0.021484375
2 0.1064453125 0.7939453125 0.0390625 0.046875
2 0.1845703125 0.873046875 0.076171875 0.025390625
2 0.3193359375 0.8330078125 0.03515625 0.0400390625
0 0.2744140625 0.8271484375 0.03515625 0.021484375
2 0.54296875 0.7392578125 0.072265625 0.0185546875
2 0.4287109375 0.7998046875 0.03125 0.0458984375
2 0.52734375 0.8681640625 0.076171875 0.0234375
2 0.6455078125 0.80859375 0.0302734375 0.041015625
0 0.517578125 0.8369140625 0.0419921875 0.01953125
2 0.9443359375 0.775390625 0.0576171875 0.03515625
2 0.9091796875 0.8603515625 0.0712890625 0.0341796875
2 0.7568359375 0.8427734375 0.064453125 0.044921875
2 0.787109375 0.75390625 0.0693359375 0.0390625
0 0.9013671875 0.7919921875 0.033203125 0.0263671875
2 0.798828125 0.3994140625 0.07421875 0.029296875
2 0.943359375 0.4345703125 0.0556640625 0.0419921875
2 0.7373046875 0.4794921875 0.05859375 0.0419921875
2 0.880859375 0.5146484375 0.0712890625 0.0302734375
2 0.78515625 0.5751953125 0.0703125 0.0361328125
2 0.9404296875 0.59765625 0.05859375 0.041015625
2 0.9052734375 0.6826171875 0.0751953125 0.0361328125
2 0.751953125 0.6611328125 0.0625 0.0390625
0 0.8662109375 0.6611328125 0.044921875 0.0205078125
0 0.849609375 0.4912109375 0.0478515625 0.021484375