1 0.1875 0.4326171875 0.0322265625 0.04296875
1 0.32421875 0.1669921875 0.0341796875 0.037109375
1 0.1845703125 0.8486328125 0.0302734375 0.0478515625
1 0.1884765625 0.337890625 0.0322265625 0.04296875
1 0.1201171875 0.8154296875 0.0244140625 0.056640625
1 0.4287109375 0.6181640625 0.03515625 0.037109375
1 0.4658203125 0.43359375 0.03515625 0.0380859375
1 0.595703125 0.6357421875 0.0400390625 0.03125
1 0.2451171875 0.7900390625 0.0146484375 0.064453125
1 0.3017578125 0.619140625 0.033203125 0.0263671875
1 0.2958984375 0.4287109375 0.0361328125 0.0283203125
1 0.796875 0.4423828125 0.04296875 0.0400390625
0 0.4658203125 0.197265625 0.0185546875 0.02734375
1 0.138671875 0.58984375 0.0263671875 0.041015625
1 0.4384765625 0.3486328125 0.033203125 0.03125
1 0.72265625 0.2451171875 0.0185546875 0.0751953125
1 0.6064453125 0.4287109375 0.0390625 0.033203125
1 0.134765625 0.685546875 0.03125 0.044921875
1 0.46484375 0.1494140625 0.0341796875 0.03125
1 0.8544921875 0.234375 0.017578125 0.072265625
1 0.400390625 0.2314453125 0.017578125 0.0634765625
1 0.787109375 0.130859375 0.04296875 0.0341796875
0 0.3056640625 0.470703125 0.017578125 0.021484375
1 0.2958984375 0.8896484375 0.03125 0.025390625
1 0.345703125 0.7919921875 0.0166015625 0.0615234375
1 0.4189453125 0.890625 0.03515625 0.0498046875
1 0.5048828125 0.2724609375 0.0166015625 0.068359375
1 0.2939453125 0.6962890625 0.033203125 0.0244140625
1 0.1259765625 0.2900390625 0.0205078125 0.0576171875
1 0.1533203125 0.1689453125 0.0302734375 0.041015625
1 0.212890625 0.21875 0.025390625 0.0625
0 0.1787109375 0.3076171875 0.0166015625 0.0234375
1 0.5 0.5595703125 0.0244140625 0.0634765625
1 0.580078125 0.7197265625 0.04296875 0.0517578125
0 0.3349609375 0.2890625 0.0146484375 0.0322265625
1 0.203125 0.5595703125 0.0234375 0.0576171875
1 0.287109375 0.3486328125 0.03125 0.033203125
1 0.65625 0.78515625 0.03125 0.076171875
0 0.609375 0.4765625 0.0205078125 0.02734375
1 0.7158203125 0.5087890625 0.0244140625 0.0732421875
0 0.4228515625 0.4970703125 0.017578125 0.0341796875
1 0.3505859375 0.5205078125 0.0166015625 0.0615234375
1 0.3955078125 0.751953125 0.025390625 0.064453125
1 0.3984375 0.4921875 0.021484375 0.064453125
1 0.546875 0.8525390625 0.0283203125 0.0751953125
1 0.201171875 0.7197265625 0.0283203125 0.0595703125
1 0.5673828125 0.1787109375 0.0361328125 0.0703125
1 0.654296875 0.3125 0.0361328125 0.072265625
0 0.185546875 0.4716796875 0.0166015625 0.0302734375
1 0.6484375 0.16015625 0.0380859375 0.0634765625
1 0.787109375 0.3515625 0.0439453125 0.0341796875
1 0.544921875 0.5244140625 0.015625 0.0693359375
1 0.4931640625 0.8515625 0.025390625 0.0654296875
1 0.837890625 0.583984375 0.0244140625 0.0712890625
1 0.75 0.6455078125 0.041015625 0.041015625
1 0.8193359375 0.935546875 0.0390625 0.0595703125
0 0.8056640625 0.57421875 0.021484375 0.0390625
1 0.73046875 0.7626953125 0.037109375 0.0625
0 0.189453125 0.7470703125 0.0126953125 0.029296875
1 0.3525390625 0.2939453125 0.0185546875 0.0625
0 0.328125 0.798828125 0.01171875 0.0322265625
1 0.2587890625 0.2255859375 0.0205078125 0.0615234375
1 0.248046875 0.5283203125 0.0146484375 0.0537109375
1 0.46875 0.712890625 0.0361328125 0.04296875
1 0.5703125 0.3251953125 0.0361328125 0.0615234375
1 0.1220703125 0.4599609375 0.025390625 0.0576171875
1 0.6611328125 0.5419921875 0.0185546875 0.0693359375
1 0.6201171875 0.921875 0.0419921875 0.052734375
0 0.779296875 0.3046875 0.021484375 0.0244140625
0 0.7919921875 0.9013671875 0.0234375 0.0341796875
1 0.822265625 0.779296875 0.0380859375 0.06640625
1 0.7236328125 0.9140625 0.0390625 0.0732421875
0 0.4716796875 0.837890625 0.0185546875 0.03515625
0 0.6328125 0.8056640625 0.015625 0.03515625
1 0.2626953125 0.20703125 0.0126953125 0.0244140625
1 0.1787109375 0.3486328125 0.013671875 0.021484375
1 0.123046875 0.2724609375 0.01171875 0.0224609375