1 0.2109375 0.09375 0.0361328125 0.044921875
1 0.1787109375 0.21875 0.0224609375 0.0654296875
1 0.24609375 0.26953125 0.037109375 0.044921875
1 0.2763671875 0.14453125 0.03125 0.06640625
1 0.3271484375 0.16015625 0.025390625 0.0732421875
1 0.3984375 0.1015625 0.037109375 0.041015625
1 0.427734375 0.2294921875 0.021484375 0.0712890625
1 0.3564453125 0.287109375 0.0390625 0.0400390625
1 0.166015625 0.396484375 0.02734375 0.0615234375
1 0.1787109375 0.5341796875 0.03515625 0.0478515625
1 0.2548828125 0.505859375 0.0283203125 0.0654296875
1 0.2412109375 0.365234375 0.0390625 0.048828125
1 0.30859375 0.4736328125 0.0166015625 0.068359375
1 0.361328125 0.3720703125 0.0400390625 0.0341796875
1 0.4169921875 0.4619140625 0.021484375 0.0712890625
1 0.3662109375 0.56640625 0.0419921875 0.03125
1 0.1708984375 0.6435546875 0.0390625 0.0537109375
1 0.24609375 0.673828125 0.029296875 0.0732421875
1 0.1494140625 0.787109375 0.0283203125 0.0703125
1 0.2236328125 0.8212890625 0.03515625 0.0537109375
1 0.3544921875 0.6494140625 0.041015625 0.0322265625
1 0.2958984375 0.755859375 0.0185546875 0.07421875
1 0.3525390625 0.859375 0.0400390625 0.0341796875
1 0.4091796875 0.7509765625 0.021484375 0.078125
1 0.544921875 0.09375 0.0439453125 0.0419921875
1 0.478515625 0.17578125 0.0205078125 0.0771484375
1 0.5205078125 0.2919921875 0.04296875 0.0380859375
1 0.5888671875 0.21484375 0.021484375 0.0771484375
1 0.650390625 0.1337890625 0.033203125 0.068359375
1 0.658203125 0.2744140625 0.0400390625 0.0595703125
1 0.744140625 0.25390625 0.03125 0.0693359375
1 0.734375 0.107421875 0.0400390625 0.052734375
1 0.8701171875 0.0947265625 0.04296875 0.0341796875
1 0.8115234375 0.2021484375 0.01953125 0.07421875
1 0.876953125 0.3017578125 0.044921875 0.03515625
1 0.9384765625 0.1923828125 0.0185546875 0.0810546875
1 0.693359375 0.3759765625 0.0439453125 0.0244140625
1 0.54296875 0.3759765625 0.041015625 0.046875
1 0.4697265625 0.4404296875 0.0234375 0.07421875
1 0.50390625 0.5703125 0.0390625 0.04296875
1 0.5791015625 0.505859375 0.0234375 0.0751953125
1 0.62890625 0.474609375 0.017578125 0.076171875
1 0.7490234375 0.486328125 0.0205078125 0.0791015625
1 0.685546875 0.5849609375 0.048828125 0.03515625
1 0.8046875 0.4599609375 0.0244140625 0.0771484375
1 0.8857421875 0.39453125 0.0498046875 0.048828125
1 0.8466796875 0.603515625 0.044921875 0.0498046875
1 0.9306640625 0.5341796875 0.0302734375 0.078125
1 0.46484375 0.712890625 0.0263671875 0.072265625
1 0.490234375 0.8603515625 0.0439453125 0.05078125
1 0.5712890625 0.8125 0.0263671875 0.0849609375
1 0.54296875 0.66796875 0.04296875 0.048828125
1 0.6298828125 0.82421875 0.0283203125 0.083984375
1 0.662109375 0.681640625 0.046875 0.0546875
1 0.71484375 0.8876953125 0.0419921875 0.0537109375
1 0.7451171875 0.736328125 0.0302734375 0.08203125
1 0.8232421875 0.7197265625 0.037109375 0.0654296875
1 0.822265625 0.8818359375 0.0419921875 0.0732421875
1 0.9169921875 0.8955078125 0.0361328125 0.06640625
1 0.916015625 0.732421875 0.041015625 0.0634765625
0 0.8671875 0.2578125 0.025390625 0.033203125
0 0.671875 0.15234375 0.0224609375 0.03515625
0 0.544921875 0.1416015625 0.0234375 0.025390625
0 0.4052734375 0.2294921875 0.021484375 0.0458984375
0 0.234375 0.236328125 0.025390625 0.029296875
0 0.236328125 0.4130859375 0.01953125 0.037109375
0 0.3701171875 0.41015625 0.0302734375 0.0263671875
0 0.4951171875 0.4453125 0.0205078125 0.0390625
0 0.6923828125 0.4228515625 0.029296875 0.0341796875
0 0.896484375 0.53125 0.0205078125 0.0400390625
0 0.88671875 0.869140625 0.0322265625 0.0390625
0 0.7216796875 0.7705078125 0.025390625 0.044921875
0 0.5439453125 0.802734375 0.0205078125 0.04296875
0 0.3876953125 0.7666015625 0.0185546875 0.05078125
0 0.23046875 0.7109375 0.017578125 0.0390625