2 0.22265625 0.1943359375 0.05078125 0.0234375
2 0.3515625 0.1962890625 0.05078125 0.0283203125
2 0.212890625 0.26171875 0.048828125 0.025390625
2 0.34765625 0.26171875 0.044921875 0.029296875
0 0.3134765625 0.2529296875 0.0283203125 0.0146484375
2 0.501953125 0.18359375 0.0537109375 0.021484375
2 0.6240234375 0.2021484375 0.0439453125 0.0341796875
2 0.4599609375 0.24609375 0.0458984375 0.0283203125
2 0.5849609375 0.2666015625 0.0537109375 0.0263671875
0 0.5576171875 0.2529296875 0.029296875 0.0126953125
2 0.83984375 0.1806640625 0.0615234375 0.0224609375
2 0.71875 0.205078125 0.0302734375 0.02734375
2 0.7685546875 0.2666015625 0.060546875 0.0166015625
2 0.8935546875 0.240234375 0.0380859375 0.0361328125
0 0.7744140625 0.2490234375 0.0341796875 0.0146484375
2 0.767578125 0.3173828125 0.0556640625 0.025390625
2 0.9072265625 0.3291015625 0.0556640625 0.0341796875
2 0.74609375 0.388671875 0.0546875 0.03125
2 0.8896484375 0.3994140625 0.0625 0.0302734375
0 0.875 0.34765625 0.029296875 0.0205078125
2 0.5986328125 0.3154296875 0.0634765625 0.0234375
2 0.4697265625 0.3349609375 0.044921875 0.0322265625
2 0.5029296875 0.4033203125 0.0615234375 0.021484375
2 0.6357421875 0.3837890625 0.046875 0.0380859375
0 0.515625 0.384765625 0.0390625 0.017578125
2 0.3544921875 0.3291015625 0.0556640625 0.0302734375
2 0.21875 0.3271484375 0.0556640625 0.029296875
2 0.20703125 0.3984375 0.0498046875 0.0263671875
2 0.3486328125 0.4013671875 0.048828125 0.0322265625
0 0.3125 0.3896484375 0.0341796875 0.0166015625
2 0.205078125 0.4697265625 0.0595703125 0.0302734375
2 0.3447265625 0.478515625 0.0576171875 0.033203125
2 0.3203125 0.55859375 0.0537109375 0.033203125
2 0.17578125 0.546875 0.056640625 0.03125
0 0.2880859375 0.541015625 0.0390625 0.015625
2 0.5380859375 0.453125 0.0625 0.017578125
2 0.4462890625 0.509765625 0.0283203125 0.0341796875
2 0.6474609375 0.5029296875 0.0283203125 0.037109375
2 0.556640625 0.5634765625 0.0712890625 0.015625
0 0.6044921875 0.51171875 0.0244140625 0.021484375
2 0.791015625 0.455078125 0.05859375 0.0205078125
2 0.931640625 0.486328125 0.044921875 0.0361328125
2 0.740234375 0.52734375 0.0498046875 0.033203125
2 0.880859375 0.560546875 0.06640625 0.0263671875
0 0.8466796875 0.5400390625 0.033203125 0.013671875
2 0.7978515625 0.6201171875 0.064453125 0.0322265625
2 0.9501953125 0.64453125 0.0556640625 0.0390625
2 0.9248046875 0.7314453125 0.068359375 0.0322265625
0 0.8818359375 0.708984375 0.037109375 0.015625
2 0.7666015625 0.70703125 0.0595703125 0.041015625
2 0.548828125 0.609375 0.0673828125 0.0126953125
2 0.44140625 0.671875 0.0283203125 0.0419921875
2 0.65625 0.673828125 0.029296875 0.0419921875
2 0.548828125 0.7373046875 0.072265625 0.013671875
0 0.609375 0.6787109375 0.021484375 0.0224609375
2 0.19140625 0.626953125 0.0625 0.0302734375
2 0.3388671875 0.6455078125 0.0537109375 0.0361328125
2 0.298828125 0.7333984375 0.0625 0.0322265625
0 0.265625 0.712890625 0.0302734375 0.015625
2 0.1455078125 0.7138671875 0.0458984375 0.037109375
2 0.255859375 0.802734375 0.078125 0.0205078125
2 0.1064453125 0.84765625 0.0458984375 0.0458984375
2 0.3251953125 0.8955078125 0.03515625 0.04296875
2 0.1728515625 0.94140625 0.0751953125 0.0244140625
0 0.27734375 0.8896484375 0.0283203125 0.0234375
2 0.5595703125 0.7919921875 0.0712890625 0.0166015625
2 0.4384765625 0.8564453125 0.0322265625 0.046875
2 0.66796875 0.8681640625 0.029296875 0.0458984375
2 0.54296875 0.9375 0.072265625 0.0185546875
0 0.5341796875 0.90234375 0.0400390625 0.0166015625
2 0.8154296875 0.806640625 0.060546875 0.0361328125
2 0.787109375 0.908203125 0.064453125 0.046875
2 0.9755859375 0.830078125 0.048828125 0.0390625
0 0.9404296875 0.8505859375 0.0322265625 0.0263671875
2 0.9560546875 0.9306640625 0.0693359375 0.03515625