2 0.1533203125 0.1142578125 0.05078125 0.0283203125
2 0.2841796875 0.10546875 0.064453125 0.03125
2 0.2841796875 0.18359375 0.0478515625 0.037109375
2 0.1494140625 0.19140625 0.05078125 0.0244140625
0 0.2509765625 0.1767578125 0.03125 0.01953125
2 0.4453125 0.083984375 0.0615234375 0.029296875
2 0.5791015625 0.0966796875 0.0556640625 0.037109375
2 0.4013671875 0.1611328125 0.044921875 0.0302734375
2 0.53515625 0.17578125 0.0576171875 0.0322265625
0 0.5078125 0.162109375 0.037109375 0.013671875
2 0.828125 0.0556640625 0.0703125 0.0234375
2 0.685546875 0.09765625 0.041015625 0.0361328125
2 0.7412109375 0.169921875 0.0712890625 0.0244140625
2 0.890625 0.12890625 0.0498046875 0.0419921875
0 0.7490234375 0.146484375 0.0380859375 0.017578125
2 0.8916015625 0.2373046875 0.060546875 0.0322265625
2 0.7314453125 0.23046875 0.0693359375 0.029296875
2 0.703125 0.314453125 0.0576171875 0.033203125
2 0.861328125 0.32421875 0.0703125 0.0380859375
0 0.8544921875 0.2626953125 0.0322265625 0.021484375
2 0.5458984375 0.2353515625 0.0712890625 0.0234375
2 0.4052734375 0.2646484375 0.0498046875 0.03515625
2 0.5869140625 0.3134765625 0.0439453125 0.041015625
2 0.4443359375 0.33984375 0.0673828125 0.0234375
0 0.4619140625 0.318359375 0.0322265625 0.015625
2 0.2890625 0.259765625 0.0634765625 0.0341796875
2 0.15625 0.2607421875 0.05859375 0.029296875
2 0.1513671875 0.341796875 0.0537109375 0.0302734375
2 0.2861328125 0.3408203125 0.046875 0.0361328125
0 0.25390625 0.3310546875 0.029296875 0.017578125
2 0.1484375 0.4150390625 0.0576171875 0.0283203125
2 0.2861328125 0.423828125 0.0576171875 0.033203125
2 0.12890625 0.494140625 0.0517578125 0.0322265625
2 0.26171875 0.50390625 0.052734375 0.03515625
2 0.38671875 0.453125 0.0361328125 0.0390625
2 0.48828125 0.5087890625 0.0732421875 0.0244140625
2 0.587890625 0.4443359375 0.041015625 0.046875
2 0.478515625 0.392578125 0.0810546875 0.0263671875
2 0.744140625 0.3896484375 0.0869140625 0.0302734375
2 0.8984375 0.4248046875 0.05859375 0.0478515625
2 0.8232421875 0.5048828125 0.0869140625 0.029296875
2 0.6845703125 0.4716796875 0.0498046875 0.0439453125
2 0.1435546875 0.5712890625 0.0693359375 0.0341796875
2 0.2802734375 0.587890625 0.060546875 0.037109375
2 0.2451171875 0.671875 0.0556640625 0.033203125
2 0.111328125 0.6513671875 0.05078125 0.04296875
2 0.3798828125 0.6142578125 0.0341796875 0.0498046875
2 0.4794921875 0.5576171875 0.08984375 0.0224609375
2 0.4755859375 0.677734375 0.080078125 0.021484375
2 0.5849609375 0.6201171875 0.0302734375 0.0478515625
2 0.7353515625 0.5673828125 0.0810546875 0.0361328125
2 0.892578125 0.59375 0.0693359375 0.041015625
2 0.85546875 0.681640625 0.0791015625 0.0341796875
2 0.6943359375 0.654296875 0.060546875 0.044921875
0 0.81640625 0.658203125 0.04296875 0.0185546875
0 0.54296875 0.6259765625 0.0302734375 0.0263671875
0 0.2197265625 0.65234375 0.03515625 0.0185546875
0 0.2373046875 0.4873046875 0.033203125 0.01953125
0 0.5458984375 0.455078125 0.0283203125 0.0244140625
0 0.798828125 0.4833984375 0.0439453125 0.015625
2 0.900390625 0.78125 0.0595703125 0.03515625
2 0.73046875 0.7509765625 0.078125 0.0390625
2 0.697265625 0.841796875 0.0595703125 0.0478515625
2 0.8642578125 0.873046875 0.072265625 0.0322265625
2 0.583984375 0.8046875 0.029296875 0.044921875
2 0.4697265625 0.8603515625 0.0810546875 0.0234375
2 0.37109375 0.7841796875 0.0439453125 0.0498046875
2 0.4853515625 0.7314453125 0.0869140625 0.0185546875
2 0.2685546875 0.8173828125 0.037109375 0.0419921875
2 0.208984375 0.732421875 0.0810546875 0.025390625
2 0.080078125 0.76953125 0.0498046875 0.0419921875
2 0.142578125 0.8505859375 0.0771484375 0.0322265625
0 0.2275390625 0.80859375 0.0322265625 0.0244140625
0 0.462890625 0.828125 0.041015625 0.0205078125
0 0.8623046875 0.798828125 0.0244140625 0.0302734375