2 0.1630859375 0.0615234375 0.0849609375 0.021484375
2 0.056640625 0.1328125 0.0263671875 0.0439453125
2 0.2861328125 0.12109375 0.0380859375 0.0498046875
2 0.181640625 0.1875 0.0791015625 0.0234375
2 0.3857421875 0.0947265625 0.0517578125 0.037109375
2 0.5234375 0.0576171875 0.0830078125 0.02734375
2 0.4501953125 0.173828125 0.0771484375 0.025390625
2 0.5986328125 0.1376953125 0.046875 0.05078125
2 0.7314453125 0.0791015625 0.060546875 0.03515625
2 0.71875 0.1650390625 0.0654296875 0.0361328125
2 0.8828125 0.083984375 0.068359375 0.0439453125
2 0.8818359375 0.1728515625 0.056640625 0.0419921875
2 0.1279296875 0.2548828125 0.0791015625 0.029296875
2 0.0634765625 0.3359375 0.0419921875 0.041015625
2 0.283203125 0.2919921875 0.052734375 0.048828125
2 0.2099609375 0.3740234375 0.0673828125 0.03125
2 0.3798828125 0.3125 0.0390625 0.0380859375
2 0.46484375 0.2392578125 0.07421875 0.0244140625
2 0.5107421875 0.3642578125 0.08203125 0.029296875
2 0.599609375 0.2900390625 0.0556640625 0.0498046875
2 0.7001953125 0.330078125 0.05859375 0.046875
2 0.7578125 0.2470703125 0.076171875 0.029296875
2 0.9072265625 0.27734375 0.0576171875 0.0478515625
2 0.8505859375 0.36328125 0.0859375 0.0341796875
2 0.2470703125 0.4560546875 0.0712890625 0.037109375
2 0.0791015625 0.4482421875 0.0693359375 0.0380859375
2 0.064453125 0.5390625 0.0634765625 0.0400390625
2 0.232421875 0.5458984375 0.076171875 0.0380859375
2 0.3740234375 0.49609375 0.0546875 0.05078125
2 0.4580078125 0.4228515625 0.0810546875 0.0283203125
2 0.58984375 0.4736328125 0.0517578125 0.044921875
2 0.51171875 0.5439453125 0.08203125 0.03515625
2 0.732421875 0.4365234375 0.0625 0.0390625
2 0.724609375 0.5234375 0.0771484375 0.04296875
2 0.8896484375 0.529296875 0.0849609375 0.037109375
2 0.8935546875 0.4384765625 0.0703125 0.037109375
2 0.0830078125 0.6318359375 0.072265625 0.0400390625
2 0.0712890625 0.7265625 0.0673828125 0.0390625
2 0.255859375 0.63671875 0.0693359375 0.03515625
2 0.2373046875 0.7314453125 0.0556640625 0.0361328125
2 0.3720703125 0.6572265625 0.04296875 0.046875
2 0.4990234375 0.6005859375 0.08984375 0.0205078125
2 0.6015625 0.671875 0.0400390625 0.044921875
2 0.4736328125 0.73046875 0.0791015625 0.0224609375
2 0.7958984375 0.59765625 0.0771484375 0.0283203125
2 0.697265625 0.669921875 0.052734375 0.05078125
2 0.923828125 0.6572265625 0.044921875 0.0478515625
2 0.8212890625 0.728515625 0.087890625 0.0244140625
2 0.1591796875 0.8037109375 0.08203125 0.02734375
2 0.046875 0.8798828125 0.037109375 0.052734375
2 0.2841796875 0.8642578125 0.0439453125 0.0478515625
2 0.1806640625 0.9365234375 0.0771484375 0.0234375
2 0.39453125 0.822265625 0.05859375 0.048828125
2 0.5595703125 0.7958984375 0.0732421875 0.0322265625
2 0.435546875 0.916015625 0.078125 0.0361328125
2 0.5947265625 0.892578125 0.060546875 0.0419921875
2 0.7138671875 0.853515625 0.044921875 0.0556640625
2 0.8212890625 0.7822265625 0.08984375 0.0263671875
2 0.9443359375 0.8515625 0.0419921875 0.0458984375
2 0.8271484375 0.919921875 0.0927734375 0.0234375
0 0.16796875 0.9072265625 0.0517578125 0.0205078125
0 0.5498046875 0.87890625 0.0390625 0.0244140625
0 0.8916015625 0.853515625 0.0302734375 0.02734375
0 0.87109375 0.666015625 0.0263671875 0.02734375
0 0.46484375 0.7021484375 0.0439453125 0.0224609375
0 0.2236328125 0.658203125 0.0390625 0.0244140625
0 0.8447265625 0.513671875 0.03515625 0.0166015625
0 0.5478515625 0.482421875 0.0263671875 0.025390625
0 0.1884765625 0.52734375 0.04296875 0.021484375
0 0.166015625 0.279296875 0.052734375 0.013671875
0 0.4970703125 0.3408203125 0.0556640625 0.0166015625
0 0.814453125 0.341796875 0.0556640625 0.015625
0 0.8369140625 0.1591796875 0.03515625 0.017578125
0 0.5205078125 0.08984375 0.0419921875 0.017578125
0 0.240234375 0.1337890625 0.02734375 0.025390625