2 0.1962890625 0.0625 0.0791015625 0.0224609375
2 0.0966796875 0.1298828125 0.0419921875 0.04296875
2 0.314453125 0.1162109375 0.0498046875 0.05078125
2 0.2099609375 0.1806640625 0.0947265625 0.03125
2 0.4111328125 0.091796875 0.05078125 0.044921875
2 0.548828125 0.0546875 0.0849609375 0.0302734375
2 0.4775390625 0.1708984375 0.0810546875 0.0263671875
2 0.625 0.1318359375 0.04296875 0.052734375
2 0.7509765625 0.07421875 0.0673828125 0.0341796875
2 0.9072265625 0.0771484375 0.064453125 0.0400390625
2 0.744140625 0.1640625 0.068359375 0.033203125
2 0.904296875 0.1650390625 0.0634765625 0.0400390625
2 0.1640625 0.248046875 0.0732421875 0.0234375
2 0.09765625 0.330078125 0.0439453125 0.0400390625
2 0.408203125 0.3095703125 0.0400390625 0.0400390625
2 0.4892578125 0.2353515625 0.0751953125 0.0244140625
2 0.62109375 0.279296875 0.044921875 0.0458984375
2 0.5419921875 0.35546875 0.080078125 0.0244140625
2 0.779296875 0.2412109375 0.0693359375 0.02734375
2 0.7265625 0.3251953125 0.0556640625 0.0400390625
2 0.875 0.353515625 0.0732421875 0.0322265625
2 0.9287109375 0.267578125 0.05078125 0.04296875
2 0.1103515625 0.4375 0.0673828125 0.0341796875
2 0.2705078125 0.4453125 0.0673828125 0.0380859375
2 0.099609375 0.52734375 0.064453125 0.0380859375
2 0.259765625 0.533203125 0.0625 0.0341796875
2 0.40234375 0.490234375 0.044921875 0.0419921875
2 0.48046875 0.41796875 0.0771484375 0.0263671875
2 0.6123046875 0.4609375 0.046875 0.0439453125
2 0.5361328125 0.53515625 0.0751953125 0.025390625
2 0.7490234375 0.4287109375 0.0576171875 0.0380859375
2 0.91015625 0.4267578125 0.068359375 0.0361328125
2 0.751953125 0.517578125 0.072265625 0.03515625
2 0.916015625 0.5185546875 0.0634765625 0.037109375
2 0.8125 0.58984375 0.0791015625 0.0244140625
2 0.9404296875 0.6474609375 0.0400390625 0.0439453125
2 0.7158203125 0.6572265625 0.04296875 0.044921875
2 0.8427734375 0.7158203125 0.0771484375 0.01953125
2 0.515625 0.58984375 0.08203125 0.017578125
2 0.6171875 0.6591796875 0.025390625 0.044921875
2 0.3994140625 0.6474609375 0.0322265625 0.0458984375
2 0.4970703125 0.716796875 0.0732421875 0.01953125
2 0.1142578125 0.619140625 0.07421875 0.0380859375
2 0.2763671875 0.6220703125 0.0654296875 0.0341796875
2 0.1025390625 0.7109375 0.060546875 0.037109375
2 0.2646484375 0.712890625 0.0576171875 0.0361328125
2 0.181640625 0.7880859375 0.0771484375 0.0263671875
2 0.087890625 0.8603515625 0.044921875 0.0478515625
2 0.30859375 0.8447265625 0.044921875 0.0439453125
2 0.20703125 0.91796875 0.0751953125 0.0244140625
2 0.4150390625 0.8076171875 0.0546875 0.046875
2 0.578125 0.783203125 0.072265625 0.0283203125
2 0.458984375 0.8984375 0.072265625 0.033203125
2 0.619140625 0.876953125 0.0498046875 0.0419921875
2 0.8427734375 0.7734375 0.07421875 0.0234375
2 0.7275390625 0.8388671875 0.0341796875 0.0478515625
2 0.958984375 0.8388671875 0.033203125 0.041015625
2 0.8466796875 0.90234375 0.080078125 0.0234375
0 0.908203125 0.8427734375 0.03125 0.02734375
0 0.568359375 0.86328125 0.0380859375 0.0205078125
0 0.189453125 0.888671875 0.0419921875 0.017578125
0 0.248046875 0.64453125 0.03515625 0.025390625
0 0.4921875 0.685546875 0.044921875 0.0185546875
0 0.890625 0.654296875 0.0322265625 0.0263671875
0 0.2177734375 0.515625 0.0380859375 0.0224609375
0 0.5703125 0.4736328125 0.0283203125 0.021484375
0 0.8642578125 0.5029296875 0.03515625 0.017578125
0 0.193359375 0.2724609375 0.04296875 0.0146484375
0 0.515625 0.333984375 0.0390625 0.013671875
0 0.8359375 0.3359375 0.0478515625 0.0185546875
0 0.2685546875 0.1279296875 0.0263671875 0.0234375
0 0.54296875 0.0859375 0.046875 0.01953125
0 0.85546875 0.154296875 0.04296875 0.0244140625