2 0.181640625 0.1181640625 0.078125 0.025390625
2 0.109375 0.1806640625 0.0390625 0.0390625
2 0.2841796875 0.1591796875 0.0341796875 0.044921875
2 0.1943359375 0.2265625 0.056640625 0.03125
2 0.5537109375 0.150390625 0.0498046875 0.04296875
2 0.490234375 0.0810546875 0.078125 0.0263671875
2 0.3671875 0.1298828125 0.0458984375 0.037109375
2 0.4228515625 0.19921875 0.0771484375 0.025390625
2 0.6826171875 0.083984375 0.0625 0.03515625
2 0.8466796875 0.076171875 0.06640625 0.0380859375
2 0.8359375 0.1650390625 0.0556640625 0.04296875
2 0.6708984375 0.169921875 0.0673828125 0.0302734375
2 0.1572265625 0.283203125 0.0654296875 0.0244140625
2 0.1025390625 0.3564453125 0.03125 0.033203125
2 0.2705078125 0.3125 0.052734375 0.04296875
2 0.21484375 0.388671875 0.05859375 0.0302734375
2 0.3525390625 0.3291015625 0.0419921875 0.0380859375
2 0.4267578125 0.2548828125 0.078125 0.025390625
2 0.4716796875 0.3720703125 0.076171875 0.0263671875
2 0.552734375 0.296875 0.05859375 0.046875
2 0.7099609375 0.248046875 0.078125 0.037109375
2 0.8603515625 0.2744140625 0.060546875 0.05078125
2 0.7919921875 0.3623046875 0.0830078125 0.033203125
2 0.6435546875 0.3330078125 0.0458984375 0.041015625
2 0.232421875 0.4599609375 0.0634765625 0.037109375
2 0.109375 0.453125 0.064453125 0.0341796875
2 0.099609375 0.53125 0.048828125 0.03515625
2 0.224609375 0.5380859375 0.05078125 0.03125
2 0.3447265625 0.498046875 0.04296875 0.046875
2 0.41796875 0.4287109375 0.072265625 0.029296875
2 0.53515625 0.47265625 0.04296875 0.046875
2 0.455078125 0.5419921875 0.068359375 0.0361328125
2 0.6630859375 0.5283203125 0.068359375 0.03515625
2 0.6669921875 0.4384765625 0.0673828125 0.0400390625
2 0.830078125 0.4384765625 0.076171875 0.0400390625
2 0.830078125 0.5302734375 0.0634765625 0.0400390625
2 0.1005859375 0.611328125 0.05859375 0.0302734375
2 0.23046875 0.6171875 0.056640625 0.0302734375
2 0.330078125 0.64453125 0.0322265625 0.0458984375
2 0.2236328125 0.701171875 0.0546875 0.0322265625
2 0.091796875 0.6904296875 0.052734375 0.033203125
2 0.4404296875 0.5947265625 0.0810546875 0.017578125
2 0.4169921875 0.7158203125 0.0703125 0.0263671875
2 0.5361328125 0.666015625 0.0390625 0.0439453125
2 0.619140625 0.6650390625 0.0361328125 0.046875
2 0.724609375 0.599609375 0.0859375 0.021484375
2 0.85546875 0.6669921875 0.048828125 0.0498046875
2 0.73828125 0.732421875 0.0908203125 0.025390625
2 0.1474609375 0.76171875 0.083984375 0.0234375
2 0.0654296875 0.8203125 0.03515625 0.044921875
2 0.169921875 0.8828125 0.06640625 0.01953125
2 0.251953125 0.82421875 0.046875 0.0419921875
2 0.34375 0.79296875 0.0546875 0.0419921875
2 0.486328125 0.78125 0.068359375 0.0400390625
2 0.3740234375 0.8828125 0.0771484375 0.033203125
2 0.5205078125 0.875 0.0458984375 0.0380859375
2 0.623046875 0.8447265625 0.0380859375 0.048828125
2 0.7412109375 0.78515625 0.0830078125 0.0263671875
2 0.8623046875 0.8671875 0.0400390625 0.046875
2 0.7392578125 0.9228515625 0.0810546875 0.0263671875
0 0.8076171875 0.8642578125 0.029296875 0.0205078125
0 0.4755859375 0.859375 0.0400390625 0.0224609375
0 0.15234375 0.8525390625 0.033203125 0.017578125
0 0.2138671875 0.63671875 0.02734375 0.0205078125
0 0.4189453125 0.6865234375 0.0400390625 0.01953125
0 0.8056640625 0.669921875 0.0302734375 0.0244140625
0 0.779296875 0.515625 0.0419921875 0.0234375
0 0.4970703125 0.4853515625 0.0263671875 0.02734375
0 0.1943359375 0.5224609375 0.03515625 0.017578125
0 0.1865234375 0.3056640625 0.0400390625 0.013671875
0 0.45703125 0.3505859375 0.0439453125 0.0146484375
0 0.767578125 0.341796875 0.0419921875 0.0166015625
0 0.791015625 0.1572265625 0.037109375 0.0205078125
0 0.4912109375 0.11328125 0.0390625 0.0146484375
0 0.255859375 0.1728515625 0.02734375 0.01953125