2 0.26953125 0.0556640625 0.0712890625 0.0341796875
2 0.169921875 0.107421875 0.0537109375 0.0478515625
2 0.287109375 0.177734375 0.09375 0.025390625
2 0.388671875 0.123046875 0.0439453125 0.0498046875
2 0.4775390625 0.1142578125 0.0439453125 0.0341796875
2 0.5908203125 0.0947265625 0.0712890625 0.033203125
2 0.6533203125 0.171875 0.04296875 0.044921875
2 0.5419921875 0.1943359375 0.0791015625 0.0302734375
2 0.75 0.13671875 0.0576171875 0.02734375
2 0.7509765625 0.208984375 0.060546875 0.0380859375
2 0.87109375 0.22265625 0.056640625 0.03515625
2 0.86328125 0.1513671875 0.0478515625 0.0390625
2 0.2431640625 0.2392578125 0.078125 0.02734375
2 0.17578125 0.318359375 0.060546875 0.044921875
2 0.3310546875 0.3642578125 0.0810546875 0.033203125
2 0.3857421875 0.28515625 0.05078125 0.0478515625
2 0.4814453125 0.31640625 0.0517578125 0.04296875
2 0.5498046875 0.2548828125 0.0634765625 0.021484375
2 0.66015625 0.3046875 0.037109375 0.04296875
2 0.6005859375 0.3671875 0.0771484375 0.025390625
2 0.7802734375 0.2802734375 0.0478515625 0.0185546875
2 0.7421875 0.3486328125 0.0537109375 0.0400390625
2 0.8564453125 0.3798828125 0.060546875 0.02734375
2 0.884765625 0.3134765625 0.04296875 0.041015625
2 0.193359375 0.43359375 0.0751953125 0.0400390625
2 0.1787109375 0.5263671875 0.0771484375 0.0419921875
2 0.345703125 0.5361328125 0.0634765625 0.0380859375
2 0.3564453125 0.4443359375 0.0673828125 0.0380859375
2 0.544921875 0.423828125 0.0712890625 0.0263671875
2 0.478515625 0.4912109375 0.0478515625 0.0458984375
2 0.599609375 0.537109375 0.072265625 0.025390625
2 0.658203125 0.4677734375 0.044921875 0.0419921875
2 0.7646484375 0.4423828125 0.046875 0.033203125
2 0.7744140625 0.521484375 0.0634765625 0.0322265625
2 0.892578125 0.51953125 0.0537109375 0.0361328125
2 0.87890625 0.443359375 0.0537109375 0.0283203125
2 0.203125 0.625 0.064453125 0.04296875
2 0.1943359375 0.7275390625 0.0810546875 0.0400390625
2 0.361328125 0.720703125 0.0673828125 0.044921875
2 0.3681640625 0.6240234375 0.0703125 0.0341796875
2 0.4833984375 0.6455078125 0.044921875 0.05078125
2 0.5849609375 0.5888671875 0.07421875 0.017578125
2 0.5771484375 0.7119140625 0.0810546875 0.0244140625
2 0.673828125 0.65234375 0.03515625 0.0478515625
2 0.7568359375 0.6474609375 0.0498046875 0.05078125
2 0.8232421875 0.5830078125 0.0712890625 0.0234375
2 0.9140625 0.6318359375 0.037109375 0.0419921875
2 0.8515625 0.6953125 0.0712890625 0.0234375
2 0.2783203125 0.8037109375 0.0927734375 0.0361328125
2 0.169921875 0.896484375 0.046875 0.0576171875
2 0.310546875 0.9443359375 0.08984375 0.029296875
2 0.4091796875 0.853515625 0.0458984375 0.046875
2 0.5107421875 0.806640625 0.056640625 0.052734375
2 0.5546875 0.8955078125 0.0859375 0.029296875
2 0.6865234375 0.85546875 0.05078125 0.0458984375
2 0.64453125 0.771484375 0.072265625 0.029296875
2 0.85546875 0.7421875 0.0625 0.025390625
2 0.775390625 0.810546875 0.04296875 0.048828125
2 0.8662109375 0.8603515625 0.0751953125 0.025390625
2 0.9384765625 0.7958984375 0.03515625 0.0400390625
0 0.900390625 0.802734375 0.0224609375 0.0283203125
0 0.642578125 0.8505859375 0.033203125 0.0263671875
0 0.28515625 0.9130859375 0.044921875 0.021484375
0 0.3369140625 0.650390625 0.04296875 0.0234375
0 0.5673828125 0.68359375 0.0537109375 0.0205078125
0 0.8798828125 0.6396484375 0.0263671875 0.0302734375
0 0.8505859375 0.5087890625 0.0322265625 0.0205078125
0 0.623046875 0.4775390625 0.02734375 0.0234375
0 0.3037109375 0.517578125 0.041015625 0.0234375
0 0.3408203125 0.130859375 0.03125 0.0224609375
0 0.5869140625 0.1220703125 0.0419921875 0.01953125
0 0.8310546875 0.2109375 0.03125 0.0185546875
0 0.8251953125 0.36328125 0.02734375 0.01953125
0 0.5732421875 0.34765625 0.04296875 0.015625
0 0.2705078125 0.2685546875 0.0439453125 0.01953125