2 0.19140625 0.072265625 0.09375 0.02734375
2 0.0888671875 0.1396484375 0.0380859375 0.048828125
2 0.3076171875 0.1259765625 0.044921875 0.0517578125
2 0.2109375 0.193359375 0.0791015625 0.0322265625
2 0.40625 0.1015625 0.0439453125 0.0419921875
2 0.544921875 0.0634765625 0.0693359375 0.0283203125
2 0.615234375 0.142578125 0.046875 0.0517578125
2 0.47265625 0.181640625 0.0830078125 0.0234375
2 0.74609375 0.083984375 0.0654296875 0.0341796875
2 0.9052734375 0.0859375 0.0654296875 0.0380859375
2 0.7373046875 0.171875 0.0712890625 0.033203125
2 0.9013671875 0.1728515625 0.0615234375 0.04296875
2 0.1611328125 0.2587890625 0.0791015625 0.029296875
2 0.486328125 0.244140625 0.0859375 0.025390625
2 0.302734375 0.2978515625 0.060546875 0.048828125
2 0.09765625 0.337890625 0.048828125 0.0419921875
2 0.2431640625 0.376953125 0.07421875 0.0302734375
2 0.404296875 0.318359375 0.0439453125 0.0439453125
2 0.53515625 0.3681640625 0.08203125 0.03125
2 0.6162109375 0.2919921875 0.0546875 0.0458984375
2 0.7763671875 0.2490234375 0.072265625 0.02734375
2 0.92578125 0.279296875 0.05078125 0.0458984375
2 0.7177734375 0.33203125 0.0615234375 0.0400390625
2 0.87109375 0.36328125 0.0751953125 0.033203125
2 0.1123046875 0.4462890625 0.068359375 0.03515625
2 0.26953125 0.4560546875 0.0634765625 0.037109375
2 0.09765625 0.537109375 0.0673828125 0.0390625
2 0.2578125 0.54296875 0.0546875 0.03515625
2 0.400390625 0.4990234375 0.0478515625 0.0458984375
2 0.4833984375 0.4248046875 0.078125 0.0283203125
2 0.609375 0.4716796875 0.05078125 0.0458984375
2 0.53125 0.5458984375 0.0771484375 0.025390625
2 0.744140625 0.5244140625 0.076171875 0.0380859375
2 0.912109375 0.52734375 0.0673828125 0.0380859375
2 0.908203125 0.4365234375 0.0693359375 0.0341796875
2 0.7490234375 0.4375 0.0576171875 0.0361328125
2 0.115234375 0.6279296875 0.0673828125 0.0390625
2 0.2744140625 0.630859375 0.0732421875 0.0322265625
2 0.39453125 0.6533203125 0.037109375 0.046875
2 0.51953125 0.5966796875 0.0791015625 0.021484375
2 0.6201171875 0.66796875 0.0390625 0.048828125
2 0.4912109375 0.7275390625 0.08984375 0.0234375
2 0.7109375 0.6650390625 0.05078125 0.05078125
2 0.814453125 0.59765625 0.0849609375 0.0302734375
2 0.9384765625 0.6552734375 0.044921875 0.0458984375
2 0.8369140625 0.7265625 0.087890625 0.0322265625
2 0.26171875 0.724609375 0.0703125 0.0390625
2 0.1064453125 0.7197265625 0.064453125 0.0400390625
2 0.1875 0.79296875 0.087890625 0.0302734375
2 0.0791015625 0.869140625 0.0400390625 0.0537109375
2 0.314453125 0.85546875 0.0419921875 0.05078125
2 0.2080078125 0.92578125 0.087890625 0.025390625
2 0.41796875 0.8125 0.0546875 0.0458984375
2 0.5791015625 0.791015625 0.0869140625 0.0322265625
2 0.458984375 0.9052734375 0.0791015625 0.0380859375
2 0.6181640625 0.8828125 0.0546875 0.0390625
2 0.8359375 0.779296875 0.0830078125 0.0263671875
2 0.724609375 0.845703125 0.0458984375 0.0517578125
2 0.83984375 0.9150390625 0.0908203125 0.025390625
2 0.9580078125 0.8466796875 0.0400390625 0.048828125
0 0.9033203125 0.8505859375 0.0380859375 0.025390625
0 0.5673828125 0.87109375 0.0419921875 0.0234375
0 0.1943359375 0.8974609375 0.0517578125 0.0205078125
0 0.2490234375 0.6533203125 0.029296875 0.0263671875
0 0.490234375 0.697265625 0.0517578125 0.0166015625
0 0.8857421875 0.662109375 0.0341796875 0.0234375
0 0.8583984375 0.5126953125 0.0400390625 0.0244140625
0 0.5654296875 0.4833984375 0.0244140625 0.025390625
0 0.2177734375 0.5263671875 0.041015625 0.0185546875
0 0.1962890625 0.28515625 0.05078125 0.015625
0 0.517578125 0.33984375 0.0400390625 0.0185546875
0 0.830078125 0.341796875 0.0556640625 0.0166015625
0 0.853515625 0.162109375 0.0419921875 0.021484375
0 0.541015625 0.095703125 0.04296875 0.021484375
0 0.2666015625 0.1396484375 0.0224609375 0.025390625