1 0.1396484375 0.5048828125 0.029296875 0.044921875
1 0.296875 0.6123046875 0.0361328125 0.0234375
1 0.1982421875 0.6416015625 0.02734375 0.0615234375
1 0.1103515625 0.736328125 0.0224609375 0.0595703125
1 0.1982421875 0.3505859375 0.033203125 0.0478515625
1 0.505859375 0.4814453125 0.021484375 0.0634765625
1 0.3056640625 0.537109375 0.033203125 0.0283203125
1 0.3984375 0.6728515625 0.0263671875 0.064453125
1 0.2333984375 0.1435546875 0.0224609375 0.056640625
1 0.3447265625 0.0966796875 0.03125 0.0341796875
1 0.861328125 0.1669921875 0.015625 0.0673828125
1 0.345703125 0.7138671875 0.015625 0.0625
1 0.3017578125 0.26953125 0.0322265625 0.0341796875
1 0.2890625 0.8125 0.033203125 0.025390625
1 0.40625 0.412109375 0.021484375 0.060546875
1 0.2021484375 0.2568359375 0.0322265625 0.04296875
1 0.474609375 0.6337890625 0.0380859375 0.044921875
1 0.17578125 0.771484375 0.0322265625 0.0478515625
1 0.4345703125 0.5361328125 0.0322265625 0.033203125
1 0.7333984375 0.1748046875 0.017578125 0.0703125
1 0.3046875 0.3486328125 0.037109375 0.0263671875
1 0.6708984375 0.4638671875 0.017578125 0.0703125
1 0.2783203125 0.15234375 0.021484375 0.056640625
1 0.8056640625 0.365234375 0.0439453125 0.0419921875
1 0.4189453125 0.8134765625 0.0341796875 0.046875
1 0.1748046875 0.099609375 0.0302734375 0.0380859375
1 0.4765625 0.3544921875 0.037109375 0.0380859375
1 0.6171875 0.349609375 0.0380859375 0.0322265625
0 0.326171875 0.72265625 0.0146484375 0.033203125
1 0.603515625 0.5546875 0.0390625 0.0341796875
1 0.5185546875 0.1962890625 0.0205078125 0.06640625
0 0.6015625 0.1328125 0.0185546875 0.0302734375
0 0.193359375 0.390625 0.015625 0.029296875
1 0.3671875 0.21875 0.01953125 0.0615234375
1 0.7607421875 0.564453125 0.0400390625 0.0419921875
1 0.1318359375 0.37890625 0.0263671875 0.056640625
1 0.2080078125 0.478515625 0.0263671875 0.0595703125
1 0.6650390625 0.236328125 0.033203125 0.068359375
0 0.4814453125 0.1298828125 0.0185546875 0.0263671875
1 0.5859375 0.6416015625 0.0419921875 0.0498046875
1 0.4951171875 0.775390625 0.029296875 0.0712890625
1 0.6611328125 0.0947265625 0.03515625 0.0576171875
1 0.8505859375 0.5048828125 0.0263671875 0.0712890625
1 0.8349609375 0.7001953125 0.0390625 0.06640625
1 0.7255859375 0.4296875 0.0234375 0.072265625
1 0.8310546875 0.865234375 0.0390625 0.0615234375
1 0.2421875 0.7109375 0.015625 0.0703125
1 0.55078125 0.7763671875 0.0283203125 0.0791015625
0 0.1845703125 0.6689453125 0.0126953125 0.03125
1 0.1328125 0.6025390625 0.03125 0.04296875
0 0.81640625 0.4970703125 0.01953125 0.037109375
1 0.1435546875 0.212890625 0.01953125 0.0537109375
1 0.6650390625 0.7060546875 0.03125 0.0751953125
1 0.416015625 0.1591796875 0.017578125 0.0576171875
1 0.7392578125 0.6865234375 0.037109375 0.0615234375
1 0.6279296875 0.84765625 0.044921875 0.0546875
1 0.583984375 0.2490234375 0.03515625 0.056640625
1 0.794921875 0.0673828125 0.0400390625 0.0302734375
0 0.4716796875 0.7607421875 0.0185546875 0.0361328125
1 0.3583984375 0.4365234375 0.015625 0.0615234375
0 0.1943359375 0.23046875 0.015625 0.021484375
1 0.4541015625 0.26953125 0.033203125 0.0283203125
0 0.431640625 0.4189453125 0.017578125 0.0322265625
1 0.7958984375 0.2744140625 0.0439453125 0.037109375
1 0.734375 0.83984375 0.037109375 0.0693359375
0 0.314453125 0.3896484375 0.0166015625 0.0205078125
0 0.7880859375 0.232421875 0.0205078125 0.0224609375
1 0.4814453125 0.0830078125 0.0341796875 0.029296875
0 0.8037109375 0.8291015625 0.0234375 0.0380859375
0 0.640625 0.7314453125 0.015625 0.037109375
1 0.5546875 0.4443359375 0.0166015625 0.0693359375
0 0.3486328125 0.21484375 0.015625 0.0302734375
1 0.2548828125 0.4560546875 0.0126953125 0.03515625