1 0.1806640625 0.2314453125 0.0439453125 0.0625
1 0.1572265625 0.3701171875 0.037109375 0.0830078125
1 0.2265625 0.4228515625 0.044921875 0.052734375
1 0.3134765625 0.3046875 0.0322265625 0.0849609375
1 0.2587890625 0.294921875 0.0263671875 0.0830078125
1 0.3896484375 0.2490234375 0.0478515625 0.0634765625
1 0.4248046875 0.388671875 0.0302734375 0.091796875
1 0.3427734375 0.4365234375 0.052734375 0.060546875
1 0.4775390625 0.318359375 0.033203125 0.1005859375
1 0.5439453125 0.2353515625 0.0556640625 0.0478515625
1 0.5888671875 0.37109375 0.0302734375 0.0849609375
1 0.515625 0.447265625 0.0537109375 0.0537109375
1 0.6552734375 0.2880859375 0.0380859375 0.095703125
1 0.7470703125 0.2666015625 0.044921875 0.0751953125
1 0.6611328125 0.4306640625 0.0478515625 0.0771484375
1 0.7529296875 0.4208984375 0.037109375 0.0791015625
1 0.826171875 0.3662109375 0.03125 0.0927734375
1 0.8916015625 0.2451171875 0.05078125 0.0419921875
1 0.9609375 0.3623046875 0.0380859375 0.10546875
1 0.892578125 0.4775390625 0.0615234375 0.052734375
1 0.1572265625 0.552734375 0.0341796875 0.0849609375
1 0.177734375 0.689453125 0.0419921875 0.056640625
1 0.2529296875 0.6611328125 0.0302734375 0.076171875
1 0.234375 0.52734375 0.0390625 0.0546875
1 0.359375 0.53125 0.0517578125 0.03125
1 0.306640625 0.6376953125 0.0234375 0.076171875
1 0.365234375 0.7255859375 0.048828125 0.0458984375
1 0.4208984375 0.6259765625 0.0263671875 0.0859375
1 0.4716796875 0.599609375 0.0224609375 0.078125
1 0.544921875 0.5380859375 0.0439453125 0.0341796875
1 0.5 0.73046875 0.0556640625 0.064453125
1 0.5791015625 0.6787109375 0.0341796875 0.083984375
1 0.6279296875 0.6455078125 0.0283203125 0.0888671875
1 0.69921875 0.5458984375 0.048828125 0.056640625
1 0.7548828125 0.666015625 0.0322265625 0.087890625
1 0.685546875 0.76171875 0.05078125 0.0478515625
1 0.8095703125 0.6337890625 0.037109375 0.078125
1 0.8994140625 0.5771484375 0.0546875 0.052734375
1 0.9365234375 0.712890625 0.02734375 0.0869140625
1 0.8427734375 0.7880859375 0.0478515625 0.0546875
1 0.9091796875 0.9091796875 0.03515625 0.0654296875
1 0.8193359375 0.89453125 0.0439453125 0.0703125
1 0.7431640625 0.9150390625 0.03125 0.08203125
1 0.6611328125 0.84375 0.048828125 0.0576171875
1 0.5439453125 0.833984375 0.05078125 0.0595703125
1 0.4677734375 0.876953125 0.0283203125 0.091796875
1 0.4140625 0.9111328125 0.0234375 0.0830078125
1 0.357421875 0.8154296875 0.0537109375 0.0439453125
1 0.302734375 0.912109375 0.017578125 0.0869140625
1 0.255859375 0.8388671875 0.0341796875 0.07421875
1 0.1748046875 0.802734375 0.037109375 0.060546875
1 0.1640625 0.9365234375 0.037109375 0.0869140625
1 0.23828125 0.9599609375 0.0390625 0.0595703125
1 0.572265625 0.96484375 0.02734375 0.0703125
0 0.216796875 0.3818359375 0.0224609375 0.0322265625
0 0.3974609375 0.3779296875 0.0205078125 0.0498046875
0 0.544921875 0.291015625 0.0224609375 0.0458984375
0 0.6806640625 0.302734375 0.021484375 0.037109375
0 0.8818359375 0.427734375 0.0322265625 0.0439453125
0 0.9013671875 0.7109375 0.0234375 0.056640625
0 0.69921875 0.5947265625 0.0302734375 0.0400390625
0 0.49609375 0.6083984375 0.0205078125 0.052734375
0 0.3671875 0.5673828125 0.0244140625 0.025390625
0 0.2294921875 0.5693359375 0.0263671875 0.0380859375
0 0.2373046875 0.8642578125 0.013671875 0.037109375
0 0.392578125 0.91796875 0.017578125 0.0419921875
0 0.546875 0.958984375 0.0234375 0.044921875
0 0.71875 0.935546875 0.0224609375 0.05078125