1 0.8017578125 0.068359375 0.0546875 0.046875
1 0.8056640625 0.283203125 0.0546875 0.0478515625
1 0.7451171875 0.1865234375 0.0283203125 0.0859375
1 0.8720703125 0.1591796875 0.0322265625 0.0869140625
1 0.8173828125 0.3818359375 0.05859375 0.0546875
1 0.73828125 0.4521484375 0.0302734375 0.0791015625
1 0.775390625 0.5810546875 0.056640625 0.0439453125
1 0.8623046875 0.5078125 0.0283203125 0.087890625
1 0.7578125 0.70703125 0.0400390625 0.07421875
1 0.755859375 0.853515625 0.04296875 0.0869140625
1 0.8505859375 0.8623046875 0.0390625 0.064453125
1 0.849609375 0.7021484375 0.041015625 0.0732421875
1 0.6845703125 0.73046875 0.0302734375 0.083984375
1 0.65625 0.8642578125 0.044921875 0.0546875
1 0.580078125 0.8076171875 0.0400390625 0.0830078125
1 0.6064453125 0.673828125 0.0419921875 0.060546875
1 0.4970703125 0.6767578125 0.0478515625 0.0537109375
1 0.4248046875 0.7216796875 0.0263671875 0.08203125
1 0.4501953125 0.8515625 0.046875 0.0556640625
1 0.5185546875 0.8076171875 0.0302734375 0.0732421875
1 0.32421875 0.6640625 0.0478515625 0.0390625
1 0.3759765625 0.755859375 0.017578125 0.0751953125
1 0.326171875 0.85546875 0.0419921875 0.0458984375
1 0.2744140625 0.7685546875 0.0224609375 0.0869140625
1 0.2275390625 0.69921875 0.029296875 0.0732421875
1 0.2138671875 0.828125 0.0390625 0.0556640625
1 0.150390625 0.796875 0.03515625 0.07421875
1 0.16015625 0.671875 0.041015625 0.060546875
1 0.6220703125 0.5810546875 0.0595703125 0.05078125
1 0.5673828125 0.478515625 0.029296875 0.0908203125
1 0.62890625 0.3779296875 0.0498046875 0.0458984375
1 0.685546875 0.486328125 0.0302734375 0.087890625
1 0.521484375 0.5146484375 0.0322265625 0.095703125
1 0.4892578125 0.3974609375 0.046875 0.0439453125
1 0.4189453125 0.4619140625 0.0283203125 0.087890625
1 0.4560546875 0.5791015625 0.0419921875 0.0556640625
1 0.376953125 0.4873046875 0.03125 0.0703125
1 0.318359375 0.404296875 0.0439453125 0.0400390625
1 0.271484375 0.5078125 0.0234375 0.076171875
1 0.3291015625 0.58984375 0.0439453125 0.0419921875
1 0.2275390625 0.5390625 0.0234375 0.0654296875
1 0.162109375 0.572265625 0.037109375 0.0458984375
1 0.142578125 0.4462890625 0.029296875 0.0732421875
1 0.208984375 0.4130859375 0.0439453125 0.0498046875
1 0.2294921875 0.19140625 0.0322265625 0.0703125
1 0.2099609375 0.318359375 0.048828125 0.05078125
1 0.14453125 0.275390625 0.02734375 0.0693359375
1 0.1640625 0.1533203125 0.0400390625 0.0625
1 0.3408203125 0.1376953125 0.0400390625 0.0537109375
1 0.2763671875 0.19921875 0.0302734375 0.0869140625
1 0.306640625 0.3203125 0.0400390625 0.041015625
1 0.3701171875 0.259765625 0.0263671875 0.0830078125
1 0.41796875 0.201171875 0.02734375 0.0927734375
1 0.48046875 0.10546875 0.046875 0.0419921875
1 0.4599609375 0.3076171875 0.048828125 0.0380859375
1 0.5234375 0.220703125 0.0283203125 0.0849609375
1 0.591796875 0.275390625 0.0419921875 0.07421875
1 0.673828125 0.2509765625 0.03515625 0.0732421875
1 0.666015625 0.1044921875 0.0458984375 0.056640625
1 0.58203125 0.1396484375 0.0322265625 0.0830078125