1 0.3486328125 0.8291015625 0.0166015625 0.068359375
1 0.3271484375 0.158203125 0.0361328125 0.041015625
1 0.1064453125 0.716796875 0.03515625 0.0517578125
1 0.29296875 0.4365234375 0.037109375 0.0302734375
1 0.162109375 0.8974609375 0.033203125 0.05078125
1 0.169921875 0.4404296875 0.037109375 0.05078125
1 0.283203125 0.3505859375 0.0361328125 0.0380859375
1 0.298828125 0.6435546875 0.0361328125 0.02734375
1 0.2333984375 0.8291015625 0.0166015625 0.0654296875
1 0.4794921875 0.1474609375 0.0361328125 0.033203125
1 0.130859375 0.1513671875 0.0361328125 0.04296875
1 0.1689453125 0.337890625 0.0361328125 0.044921875
1 0.4287109375 0.9306640625 0.0419921875 0.0576171875
1 0.4716796875 0.44140625 0.0185546875 0.025390625
1 0.201171875 0.20703125 0.02734375 0.0654296875
1 0.8115234375 0.1455078125 0.0419921875 0.0302734375
1 0.482421875 0.740234375 0.041015625 0.0517578125
1 0.1845703125 0.58203125 0.025390625 0.064453125
1 0.5068359375 0.8876953125 0.03125 0.076171875
1 0.677734375 0.322265625 0.033203125 0.0712890625
1 0.087890625 0.861328125 0.02734375 0.0625
1 0.2529296875 0.2177734375 0.0234375 0.06640625
1 0.181640625 0.7548828125 0.029296875 0.0634765625
1 0.7548828125 0.7880859375 0.0380859375 0.06640625
1 0.404296875 0.505859375 0.0234375 0.06640625
1 0.564453125 0.884765625 0.03125 0.0791015625
1 0.0947265625 0.4677734375 0.0283203125 0.060546875
1 0.2392578125 0.5439453125 0.0166015625 0.0654296875
1 0.7490234375 0.259765625 0.0185546875 0.072265625
1 0.75 0.943359375 0.03515625 0.0673828125
1 0.3515625 0.5361328125 0.017578125 0.064453125
1 0.8125 0.3662109375 0.0439453125 0.03125
1 0.62890625 0.443359375 0.041015625 0.02734375
1 0.109375 0.611328125 0.033203125 0.0498046875
1 0.8798828125 0.25390625 0.017578125 0.0693359375
1 0.3564453125 0.294921875 0.0205078125 0.06640625
1 0.4111328125 0.2294921875 0.01953125 0.0673828125
1 0.513671875 0.58203125 0.025390625 0.0673828125
1 0.8486328125 0.80078125 0.0380859375 0.064453125
1 0.5634765625 0.5400390625 0.017578125 0.0751953125
1 0.2900390625 0.9365234375 0.037109375 0.0283203125
1 0.685546875 0.5595703125 0.0146484375 0.0703125
1 0.521484375 0.2763671875 0.0205078125 0.0703125
1 0.822265625 0.4599609375 0.0419921875 0.0390625
1 0.4375 0.6396484375 0.0361328125 0.0390625
1 0.58984375 0.3310546875 0.0390625 0.0634765625
1 0.8427734375 0.9599609375 0.041015625 0.064453125
1 0.6455078125 0.9541015625 0.0419921875 0.052734375
1 0.451171875 0.3544921875 0.03515625 0.0341796875
1 0.6708984375 0.16796875 0.037109375 0.0625
1 0.2900390625 0.7255859375 0.0380859375 0.0263671875
1 0.6171875 0.6572265625 0.0380859375 0.0263671875
1 0.7783203125 0.6669921875 0.041015625 0.0390625
1 0.7392578125 0.525390625 0.0224609375 0.0712890625
1 0.099609375 0.2822265625 0.0234375 0.064453125
1 0.6787109375 0.8095703125 0.0283203125 0.07421875
1 0.4033203125 0.78515625 0.0283203125 0.0703125
1 0.599609375 0.74609375 0.0419921875 0.052734375
1 0.5859375 0.185546875 0.0390625 0.07421875
1 0.8642578125 0.60546875 0.0263671875 0.07421875